<?xml version="1.0" encoding="utf-8"?>
<COLLADA xmlns="http://www.collada.org/2005/11/COLLADASchema" version="1.4.1">
  <asset><contributor><author>Mixamo</author><authoring_tool>COLLADA Mixamo exporter</authoring_tool><comments></comments></contributor><created>2018-07-27T19:43:59Z</created><modified>2018-07-27T19:43:59Z</modified><revision></revision><title></title><unit meter="0.010000"/><up_axis>Y_UP</up_axis></asset>
  <library_animations>
    <animation id="mixamorig_Hips-anim" name="mixamorig_Hips"><source id="mixamorig_Hips-Matrix-animation-input"><float_array id="mixamorig_Hips-Matrix-animation-input-array" count="66">

0.000000 0.033333 0.066667 0.100000 0.133333 0.166667 0.200000 0.233333 0.266667 0.300000 0.333333 0.366667 0.400000 0.433333 0.466667 0.500000
0.533333 0.566667 0.600000 0.633333 0.666667 0.700000 0.733333 0.766667 0.800000 0.833333 0.866667 0.900000 0.933333 0.966667 1.000000 1.033333
1.066667 1.100000 1.133333 1.166667 1.200000 1.233333 1.266667 1.300000 1.333333 1.366667 1.400000 1.433333 1.466667 1.500000 1.533333 1.566667
1.600000 1.633333 1.666667 1.700000 1.733333 1.766667 1.800000 1.833333 1.866667 1.900000 1.933333 1.966667 2.000000 2.033333 2.066667 2.100000
2.133333 2.166667</float_array><technique_common><accessor source="#mixamorig_Hips-Matrix-animation-input-array" count="66"><param name="TIME" type="float"/></accessor></technique_common></source><source id="mixamorig_Hips-Matrix-animation-output-transform"><float_array id="mixamorig_Hips-Matrix-animation-output-transform-array" count="1056">

0.743209 -0.017163 -0.668839 0.561194 0.003997 0.999767 -0.021214 175.168945 0.669048 0.013093 0.743104 -0.455753 0.000000 0.000000 0.000000 1.000000
0.751972 -0.012686 -0.659073 0.984027 0.005983 0.999905 -0.012420 174.437393 0.659168 0.005396 0.751977 0.540614 0.000000 0.000000 0.000000 1.000000
0.757315 -0.007975 -0.653001 1.442524 0.009335 0.999955 -0.001386 173.530289 0.652983 -0.005046 0.757356 1.428353 0.000000 0.000000 0.000000 1.000000
0.756590 -0.004667 -0.653873 1.903334 0.014115 0.999858 0.009196 172.522797 0.653737 -0.016187 0.756548 2.244174 0.000000 0.000000 0.000000 1.000000
0.749876 -0.001899 -0.661576 2.394490 0.019655 0.999618 0.019409 171.445862 0.661287 -0.027557 0.749627 3.144120 0.000000 0.000000 0.000000 1.000000
0.739881 -0.000129 -0.672738 2.948399 0.027035 0.999198 0.029542 170.287430 0.672194 -0.040045 0.739291 4.318060 0.000000 0.000000 0.000000 1.000000
0.727927 -0.001701 -0.685653 3.803398 0.036977 0.998639 0.036779 168.916183 0.684657 -0.052126 0.726999 8.573681 0.000000 0.000000 0.000000 1.000000
0.712548 -0.007495 -0.701584 4.985133 0.047992 0.998122 0.038079 167.386780 0.699980 -0.060804 0.711569 13.247663 0.000000 0.000000 0.000000 1.000000
0.693222 -0.017475 -0.720513 6.457756 0.058977 0.997729 0.032545 165.953629 0.718307 -0.065054 0.692678 18.264524 0.000000 0.000000 0.000000 1.000000
0.671821 -0.031179 -0.740057 8.168840 0.068462 0.997451 0.020127 164.901321 0.737543 -0.064188 0.672243 23.548779 0.000000 0.000000 0.000000 1.000000
0.650756 -0.046451 -0.757864 9.705031 0.072805 0.997345 0.001386 164.179581 0.755788 -0.056078 0.652411 29.024939 0.000000 0.000000 0.000000 1.000000
0.636137 -0.058152 -0.769382 11.325130 0.066944 0.997555 -0.020048 163.519730 0.768667 -0.038753 0.638474 34.617519 0.000000 0.000000 0.000000 1.000000
0.722394 -0.063190 -0.688588 12.996258 0.056354 0.997883 -0.032453 162.965256 0.689181 -0.015360 0.724426 40.251038 0.000000 0.000000 0.000000 1.000000
0.808410 -0.060151 -0.585539 14.685538 0.038037 0.998024 -0.050010 162.359467 0.587390 0.018156 0.809100 45.850010 0.000000 0.000000 0.000000 1.000000
0.885034 -0.039094 -0.463881 16.360094 0.014830 0.998329 -0.055842 161.745300 0.465289 0.042543 0.884136 51.338943 0.000000 0.000000 0.000000 1.000000
0.944864 -0.025540 -0.326465 17.987051 0.006770 0.998264 -0.058502 161.165680 0.327393 0.053066 0.943397 56.642357 0.000000 0.000000 0.000000 1.000000
0.983378 -0.028426 -0.179332 19.533525 0.020823 0.998808 -0.044136 160.663559 0.180373 0.039669 0.982798 61.684769 0.000000 0.000000 0.000000 1.000000
0.998461 -0.045680 -0.031463 20.966646 0.045153 0.998831 -0.017261 160.281906 0.032215 0.015813 0.999356 66.390686 0.000000 0.000000 0.000000 1.000000
0.991292 -0.075644 0.107784 22.253531 0.074050 0.997079 0.018719 160.063599 -0.108885 -0.010575 0.993998 70.684639 0.000000 0.000000 0.000000 1.000000
0.966543 -0.111946 0.230789 23.361305 0.101492 0.993218 0.056719 160.497818 -0.235573 -0.031398 0.971349 74.491127 0.000000 0.000000 0.000000 1.000000
0.931661 -0.144621 0.333304 24.257093 0.122475 0.988682 0.086645 161.509842 -0.342062 -0.039902 0.938830 77.734665 0.000000 0.000000 0.000000 1.000000
0.895589 -0.164640 0.413296 24.405596 0.133673 0.985660 0.102984 162.296722 -0.424325 -0.036985 0.904754 80.339775 0.000000 0.000000 0.000000 1.000000
0.867263 -0.167316 0.468893 23.622921 0.133134 0.985477 0.105405 162.167709 -0.479719 -0.028989 0.876943 82.230972 0.000000 0.000000 0.000000 1.000000
0.853712 -0.152657 0.497867 22.403305 0.122569 0.988111 0.092804 162.097168 -0.506116 -0.018204 0.862274 83.332764 0.000000 0.000000 0.000000 1.000000
0.856190 -0.126540 0.500925 21.240980 0.106092 0.991943 0.069243 162.786423 -0.505651 -0.006141 0.862716 83.569672 0.000000 0.000000 0.000000 1.000000
0.871074 -0.093573 0.482156 20.630182 0.084788 0.995594 0.040038 163.702072 -0.483778 0.006005 0.875170 83.191139 0.000000 0.000000 0.000000 1.000000
0.894781 -0.058153 0.442701 20.677492 0.059588 0.998166 0.010680 164.686981 -0.442511 0.016823 0.896605 82.507324 0.000000 0.000000 0.000000 1.000000
0.922969 -0.024152 0.384115 21.052700 0.031701 0.999408 -0.013333 165.584045 -0.383566 0.024483 0.923189 81.533806 0.000000 0.000000 0.000000 1.000000
0.951109 0.005469 0.308806 21.594847 0.003038 0.999629 -0.027061 166.236130 -0.308839 0.026676 0.950740 80.286140 0.000000 0.000000 0.000000 1.000000
0.975044 0.029303 0.220068 22.142969 -0.023665 0.999322 -0.028215 166.486084 -0.220746 0.022303 0.975076 78.779922 0.000000 0.000000 0.000000 1.000000
0.991459 0.046933 0.121682 22.536106 -0.045037 0.998818 -0.018288 166.136124 -0.122397 0.012652 0.992401 77.030701 0.000000 0.000000 0.000000 1.000000
0.998191 0.057486 0.017604 22.613297 -0.057494 0.998346 -0.000057 165.264191 -0.017579 -0.000955 0.999845 75.054070 0.000000 0.000000 0.000000 1.000000
0.994285 0.060014 -0.088293 22.213579 -0.058280 0.998056 0.022086 164.126785 0.089447 -0.016814 0.995850 72.865585 0.000000 0.000000 0.000000 1.000000
0.979723 0.056501 -0.192224 21.312029 -0.049044 0.997856 0.043336 162.980377 0.194260 -0.033030 0.980394 70.480820 0.000000 0.000000 0.000000 1.000000
0.955637 0.049437 -0.290368 20.056225 -0.033342 0.997634 0.060122 162.081436 0.292653 -0.047774 0.955024 67.915359 0.000000 0.000000 0.000000 1.000000
0.924475 0.040549 -0.379081 18.543957 -0.014844 0.997402 0.070489 161.686478 0.380954 -0.059538 0.922675 65.184761 0.000000 0.000000 0.000000 1.000000
0.889855 0.030999 -0.455189 16.873018 0.003123 0.997252 0.074021 162.051987 0.456233 -0.067289 0.887313 62.304607 0.000000 0.000000 0.000000 1.000000
0.856205 0.021663 -0.516182 15.141201 0.017886 0.997279 0.071522 163.254456 0.516327 -0.070469 0.853487 59.290462 0.000000 0.000000 0.000000 1.000000
0.849925 0.010654 -0.526795 13.446298 0.028177 0.997446 0.065634 165.077072 0.526149 -0.070628 0.847454 56.157902 0.000000 0.000000 0.000000 1.000000
0.869296 -0.000263 -0.494292 11.886100 0.032475 0.997870 0.056581 167.336349 0.493224 -0.065238 0.867452 52.922501 0.000000 0.000000 0.000000 1.000000
0.876907 -0.003529 -0.480647 10.558400 0.027527 0.998701 0.042888 169.848770 0.479871 -0.050840 0.875865 49.599834 0.000000 0.000000 0.000000 1.000000
0.863649 0.000326 -0.504093 9.560991 0.014831 0.999550 0.026056 172.430847 0.503875 -0.029979 0.863256 46.205467 0.000000 0.000000 0.000000 1.000000
0.843767 0.006544 -0.536670 9.295731 -0.001859 0.999955 0.009269 174.899078 0.536707 -0.006823 0.843741 42.754974 0.000000 0.000000 0.000000 1.000000
0.818922 0.012709 -0.573764 9.783099 -0.019376 0.999797 -0.005509 177.069962 0.573578 0.015629 0.819002 39.263931 0.000000 0.000000 0.000000 1.000000
0.791608 0.017257 -0.610785 10.548824 -0.034934 0.999244 -0.017043 178.759995 0.610029 0.034829 0.791613 35.747902 0.000000 0.000000 0.000000 1.000000
0.765223 0.019458 -0.643471 11.118632 -0.046317 0.998617 -0.024883 179.785690 0.642097 0.048844 0.765066 32.222469 0.000000 0.000000 0.000000 1.000000
0.743854 0.019151 -0.668068 11.018250 -0.051876 0.998228 -0.029145 179.843796 0.666326 0.056336 0.743529 28.703194 0.000000 0.000000 0.000000 1.000000
0.731877 0.017622 -0.681209 10.350427 -0.049887 0.998369 -0.027770 178.972412 0.679608 0.054308 0.731562 25.205660 0.000000 0.000000 0.000000 1.000000
0.727981 0.016286 -0.685404 9.550117 -0.041804 0.998912 -0.020666 177.499985 0.684321 0.043697 0.727870 21.745432 0.000000 0.000000 0.000000 1.000000
0.727578 0.014952 -0.685862 8.641356 -0.030737 0.999469 -0.010818 175.755005 0.685336 0.028952 0.727652 18.338083 0.000000 0.000000 0.000000 1.000000
0.729884 0.013596 -0.683436 7.648181 -0.019940 0.999800 -0.001405 174.065948 0.683280 0.014653 0.730009 14.999191 0.000000 0.000000 0.000000 1.000000
0.734260 0.012278 -0.678757 6.594625 -0.012717 0.999910 0.004330 172.761307 0.678749 0.005452 0.734350 11.744321 0.000000 0.000000 0.000000 1.000000
0.740074 0.017108 -0.672308 5.504725 -0.016522 0.999837 0.007256 172.169540 0.672323 0.005738 0.740236 8.589046 0.000000 0.000000 0.000000 1.000000
0.746922 0.017461 -0.664682 4.402516 -0.020759 0.999780 0.002937 172.286621 0.664588 0.011604 0.747120 5.548944 0.000000 0.000000 0.000000 1.000000
0.754471 0.007675 -0.656288 3.312035 -0.015771 0.999855 -0.006437 172.810867 0.656144 0.015208 0.754483 2.639583 0.000000 0.000000 0.000000 1.000000
0.761918 0.001049 -0.647673 2.257315 -0.008661 0.999926 -0.008569 173.624268 0.647615 0.012138 0.761871 -0.123463 0.000000 0.000000 0.000000 1.000000
0.768665 -0.004782 -0.639633 1.262393 -0.000529 0.999967 -0.008111 174.608810 0.639651 0.006574 0.768637 -2.724625 0.000000 0.000000 0.000000 1.000000
0.774182 -0.012462 -0.632841 0.351305 0.007453 0.999916 -0.010573 175.646484 0.632920 0.003469 0.774210 -5.148325 0.000000 0.000000 0.000000 1.000000
0.778001 -0.021491 -0.627895 -0.451915 0.014061 0.999760 -0.016797 176.619263 0.628106 0.004239 0.778116 -7.378997 0.000000 0.000000 0.000000 1.000000
0.779698 -0.028293 -0.625516 -1.123230 0.018046 0.999579 -0.022718 177.409149 0.625895 0.006426 0.779881 -8.565916 0.000000 0.000000 0.000000 1.000000
0.777332 -0.030933 -0.628329 -1.405980 0.018234 0.999479 -0.026646 177.898132 0.628826 0.009256 0.777491 -8.209853 0.000000 0.000000 0.000000 1.000000
0.770546 -0.029720 -0.636691 -1.199092 0.015300 0.999487 -0.028138 177.834656 0.637201 0.011940 0.770605 -6.822464 0.000000 0.000000 0.000000 1.000000
0.761272 -0.025873 -0.647917 -0.711913 0.010790 0.999571 -0.027238 177.251434 0.648343 0.013745 0.761224 -4.915409 0.000000 0.000000 0.000000 1.000000
0.751548 -0.019972 -0.659375 -0.153789 0.006191 0.999711 -0.023225 176.456985 0.659649 0.013372 0.751455 -3.000346 0.000000 0.000000 0.000000 1.000000
0.743588 -0.014974 -0.668470 0.265931 0.002885 0.999812 -0.019187 175.759735 0.668631 0.012339 0.743492 -1.588933 0.000000 0.000000 0.000000 1.000000
0.743209 -0.017163 -0.668839 0.561188 0.003997 0.999767 -0.021214 175.168930 0.669048 0.013093 0.743104 -0.455755 0.000000 0.000000 0.000000 1.000000</float_array><technique_common><accessor source="#mixamorig_Hips-Matrix-animation-output-transform-array" count="66" stride="16"><param type="float4x4"/></accessor></technique_common></source><source id="mixamorig_Hips-Interpolations"><Name_array id="mixamorig_Hips-Interpolations-array" count="66">
 LINEAR LINEAR LINEAR LINEAR LINEAR LINEAR LINEAR LINEAR LINEAR LINEAR LINEAR
LINEAR LINEAR LINEAR LINEAR LINEAR LINEAR LINEAR LINEAR LINEAR LINEAR LINEAR LINEAR
LINEAR LINEAR LINEAR LINEAR LINEAR LINEAR LINEAR LINEAR LINEAR LINEAR LINEAR LINEAR
LINEAR LINEAR LINEAR LINEAR LINEAR LINEAR LINEAR LINEAR LINEAR LINEAR LINEAR LINEAR
LINEAR LINEAR LINEAR LINEAR LINEAR LINEAR LINEAR LINEAR LINEAR LINEAR LINEAR LINEAR
LINEAR LINEAR LINEAR LINEAR LINEAR LINEAR LINEAR</Name_array><technique_common><accessor source="#mixamorig_Hips-Interpolations-array" count="66"><param type="name"/></accessor></technique_common></source><sampler id="mixamorig_Hips-Matrix-animation-transform"><input semantic="INPUT" source="#mixamorig_Hips-Matrix-animation-input"/><input semantic="OUTPUT" source="#mixamorig_Hips-Matrix-animation-output-transform"/><input semantic="INTERPOLATION" source="#mixamorig_Hips-Interpolations"/></sampler><channel source="#mixamorig_Hips-Matrix-animation-transform" target="mixamorig_Hips/matrix"/></animation>
    <animation id="mixamorig_Spine-anim" name="mixamorig_Spine"><source id="mixamorig_Spine-Matrix-animation-input"><float_array id="mixamorig_Spine-Matrix-animation-input-array" count="66">

0.000000 0.033333 0.066667 0.100000 0.133333 0.166667 0.200000 0.233333 0.266667 0.300000 0.333333 0.366667 0.400000 0.433333 0.466667 0.500000
0.533333 0.566667 0.600000 0.633333 0.666667 0.700000 0.733333 0.766667 0.800000 0.833333 0.866667 0.900000 0.933333 0.966667 1.000000 1.033333
1.066667 1.100000 1.133333 1.166667 1.200000 1.233333 1.266667 1.300000 1.333333 1.366667 1.400000 1.433333 1.466667 1.500000 1.533333 1.566667
1.600000 1.633333 1.666667 1.700000 1.733333 1.766667 1.800000 1.833333 1.866667 1.900000 1.933333 1.966667 2.000000 2.033333 2.066667 2.100000
2.133333 2.166667</float_array><technique_common><accessor source="#mixamorig_Spine-Matrix-animation-input-array" count="66"><param name="TIME" type="float"/></accessor></technique_common></source><source id="mixamorig_Spine-Matrix-animation-output-transform"><float_array id="mixamorig_Spine-Matrix-animation-output-transform-array" count="1056">

0.997027 0.002214 0.077021 -0.199000 0.002877 0.997821 -0.065920 19.075300 -0.077000 0.065946 0.994848 -1.264600 0.000000 0.000000 0.000000 1.000000
0.997377 -0.003058 0.072319 -0.199000 0.008614 0.997022 -0.076631 19.075300 -0.071869 0.077053 0.994433 -1.264600 0.000000 0.000000 0.000000 1.000000
0.997730 -0.011963 0.066264 -0.199000 0.017888 0.995822 -0.089551 19.075300 -0.064916 0.090533 0.993775 -1.264600 0.000000 0.000000 0.000000 1.000000
0.997955 -0.020201 0.060643 -0.199000 0.026451 0.994215 -0.104099 19.075300 -0.058189 0.105491 0.992716 -1.264600 0.000000 0.000000 0.000000 1.000000
0.998065 -0.023133 0.057722 -0.199000 0.029976 0.992241 -0.120658 19.075300 -0.054483 0.122155 0.991015 -1.264600 0.000000 0.000000 0.000000 1.000000
0.998304 -0.022775 0.053567 -0.199000 0.030122 0.989605 -0.140623 19.075300 -0.049808 0.141998 0.988613 -1.264600 0.000000 0.000000 0.000000 1.000000
0.998681 -0.020791 0.046954 -0.199000 0.028031 0.986843 -0.159236 19.075300 -0.043026 0.160342 0.986123 -1.264600 0.000000 0.000000 0.000000 1.000000
0.999036 -0.020118 0.039026 -0.199000 0.026594 0.984518 -0.173256 19.075300 -0.034936 0.174126 0.984103 -1.264600 0.000000 0.000000 0.000000 1.000000
0.999418 -0.019393 0.028077 -0.199000 0.024263 0.982427 -0.185064 19.075300 -0.023995 0.185638 0.982325 -1.264600 0.000000 0.000000 0.000000 1.000000
0.999833 -0.014563 0.010996 -0.199000 0.016440 0.980384 -0.196410 19.075300 -0.007919 0.196559 0.980460 -1.264600 0.000000 0.000000 0.000000 1.000000
0.999930 -0.004336 -0.010967 -0.199000 0.002012 0.979042 -0.203648 19.075300 0.011620 0.203612 0.978983 -1.264600 0.000000 0.000000 0.000000 1.000000
0.999348 0.008327 -0.035143 -0.199000 -0.015233 0.979452 -0.201103 19.075300 0.032746 0.201508 0.978939 -1.264600 0.000000 0.000000 0.000000 1.000000
0.997914 0.015000 -0.062783 -0.199000 -0.026389 0.982436 -0.184727 19.075300 0.058909 0.185998 0.980783 -1.264600 0.000000 0.000000 0.000000 1.000000
0.996203 0.001871 -0.087045 -0.199000 -0.015297 0.987979 -0.153829 19.075300 0.085711 0.154576 0.984256 -1.264600 0.000000 0.000000 0.000000 1.000000
0.995539 -0.028417 -0.089972 -0.199000 0.017621 0.992787 -0.118589 19.075300 0.092693 0.116474 0.988859 -1.264600 0.000000 0.000000 0.000000 1.000000
0.996343 -0.057900 -0.062836 -0.199000 0.052612 0.995178 -0.082781 19.075300 0.067326 0.079172 0.994585 -1.264600 0.000000 0.000000 0.000000 1.000000
0.995871 -0.089354 -0.016054 -0.199000 0.088061 0.993760 -0.068460 19.075300 0.022071 0.066763 0.997525 -1.264600 0.000000 0.000000 0.000000 1.000000
0.992090 -0.119797 0.037494 -0.199000 0.122278 0.989812 -0.072935 19.075300 -0.028375 0.076943 0.996632 -1.264600 0.000000 0.000000 0.000000 1.000000
0.985031 -0.144707 0.093670 -0.199000 0.152107 0.985332 -0.077352 19.075300 -0.081102 0.090442 0.992594 -1.264600 0.000000 0.000000 0.000000 1.000000
0.975600 -0.161035 0.149236 -0.199000 0.174540 0.981210 -0.082231 19.075300 -0.133190 0.106272 0.985376 -1.264600 0.000000 0.000000 0.000000 1.000000
0.965421 -0.166108 0.200922 -0.199000 0.186864 0.978341 -0.089050 19.075300 -0.181778 0.123516 0.975551 -1.264600 0.000000 0.000000 0.000000 1.000000
0.956509 -0.157629 0.245444 -0.199000 0.186705 0.977319 -0.099946 19.075300 -0.224123 0.141425 0.964245 -1.264600 0.000000 0.000000 0.000000 1.000000
0.949667 -0.139049 0.280709 -0.199000 0.177287 0.977340 -0.115657 19.075300 -0.258266 0.159601 0.952799 -1.264600 0.000000 0.000000 0.000000 1.000000
0.945065 -0.116576 0.305387 -0.199000 0.164210 0.977120 -0.135175 19.075300 -0.282642 0.177897 0.942585 -1.264600 0.000000 0.000000 0.000000 1.000000
0.943775 -0.092496 0.317385 -0.199000 0.148768 0.976187 -0.157884 19.075300 -0.295223 0.196224 0.935061 -1.264600 0.000000 0.000000 0.000000 1.000000
0.946150 -0.068708 0.316353 -0.199000 0.131771 0.974338 -0.182489 19.075300 -0.295696 0.214348 0.930924 -1.264600 0.000000 0.000000 0.000000 1.000000
0.951389 -0.046129 0.304518 -0.199000 0.113416 0.971714 -0.207143 19.075300 -0.286349 0.231611 0.929710 -1.264600 0.000000 0.000000 0.000000 1.000000
0.958551 -0.025550 0.283773 -0.199000 0.093938 0.968623 -0.230099 19.075300 -0.268990 0.247218 0.930874 -1.264600 0.000000 0.000000 0.000000 1.000000
0.966620 -0.007457 0.256105 -0.199000 0.073614 0.965513 -0.249731 19.075300 -0.245410 0.260248 0.933833 -1.264600 0.000000 0.000000 0.000000 1.000000
0.974647 0.007987 0.223606 -0.199000 0.052814 0.962911 -0.264601 19.075300 -0.217426 0.269702 0.938076 -1.264600 0.000000 0.000000 0.000000 1.000000
0.981856 0.020928 0.188471 -0.199000 0.032009 0.961339 -0.273501 19.075300 -0.186909 0.274571 0.943226 -1.264600 0.000000 0.000000 0.000000 1.000000
0.987720 0.031923 0.152935 -0.199000 0.011757 0.960937 -0.276518 19.075300 -0.155789 0.274921 0.948762 -1.264600 0.000000 0.000000 0.000000 1.000000
0.991998 0.041608 0.119204 -0.199000 -0.007320 0.961504 -0.274692 19.075300 -0.126045 0.271621 0.954115 -1.264600 0.000000 0.000000 0.000000 1.000000
0.994715 0.050352 0.089477 -0.199000 -0.024583 0.962940 -0.268591 19.075300 -0.099685 0.264972 0.959089 -1.264600 0.000000 0.000000 0.000000 1.000000
0.996118 0.058353 0.065913 -0.199000 -0.039400 0.965083 -0.258963 19.075300 -0.078723 0.255361 0.963636 -1.264600 0.000000 0.000000 0.000000 1.000000
0.995593 0.070076 0.062314 -0.199000 -0.052624 0.967518 -0.247265 19.075300 -0.077618 0.242897 0.966942 -1.264600 0.000000 0.000000 0.000000 1.000000
0.995105 0.073014 0.066602 -0.199000 -0.055619 0.970820 -0.233270 19.075300 -0.081691 0.228424 0.970128 -1.264600 0.000000 0.000000 0.000000 1.000000
0.996535 0.058130 0.059492 -0.199000 -0.043988 0.975358 -0.216198 19.075300 -0.070593 0.212832 0.974535 -1.264600 0.000000 0.000000 0.000000 1.000000
0.998127 0.035962 0.049484 -0.199000 -0.025500 0.979914 -0.197785 19.075300 -0.055603 0.196153 0.978996 -1.264600 0.000000 0.000000 0.000000 1.000000
0.999089 0.014707 0.040067 -0.199000 -0.007298 0.983797 -0.179135 19.075300 -0.042053 0.178679 0.983008 -1.264600 0.000000 0.000000 0.000000 1.000000
0.999371 0.002300 0.035378 -0.199000 0.003419 0.986990 -0.160747 19.075300 -0.035287 0.160767 0.986361 -1.264600 0.000000 0.000000 0.000000 1.000000
0.999297 -0.000061 0.037492 -0.199000 0.005415 0.989749 -0.142717 19.075300 -0.037099 0.142819 0.989053 -1.264600 0.000000 0.000000 0.000000 1.000000
0.999028 0.002066 0.044037 -0.199000 0.003469 0.992120 -0.125243 19.075300 -0.043949 0.125274 0.991148 -1.264600 0.000000 0.000000 0.000000 1.000000
0.998585 0.006376 0.052805 -0.199000 -0.000598 0.994071 -0.108734 19.075300 -0.053185 0.108549 0.992667 -1.264600 0.000000 0.000000 0.000000 1.000000
0.998054 0.010748 0.061423 -0.199000 -0.004964 0.995601 -0.093559 19.075300 -0.062159 0.093072 0.993717 -1.264600 0.000000 0.000000 0.000000 1.000000
0.997639 0.013227 0.067387 -0.199000 -0.007812 0.996764 -0.079998 19.075300 -0.068227 0.079282 0.994515 -1.264600 0.000000 0.000000 0.000000 1.000000
0.997839 0.010859 0.064804 -0.199000 -0.006427 0.997650 -0.068219 19.075300 -0.065392 0.067655 0.995563 -1.264600 0.000000 0.000000 0.000000 1.000000
0.998010 0.023485 0.058512 -0.199000 -0.019504 0.997515 -0.067704 19.075300 -0.059956 0.066428 0.995988 -1.264600 0.000000 0.000000 0.000000 1.000000
0.997452 0.041586 0.057965 -0.199000 -0.036994 0.996254 -0.078166 19.075300 -0.060998 0.075822 0.995254 -1.264600 0.000000 0.000000 0.000000 1.000000
0.996638 0.056691 0.059154 -0.199000 -0.051391 0.994833 -0.087553 19.075300 -0.063812 0.084218 0.994402 -1.264600 0.000000 0.000000 0.000000 1.000000
0.996091 0.061467 0.063436 -0.199000 -0.055794 0.994590 -0.087624 19.075300 -0.068479 0.083743 0.994132 -1.264600 0.000000 0.000000 0.000000 1.000000
0.996236 0.049848 0.070913 -0.199000 -0.043318 0.994924 -0.090826 19.075300 -0.075080 0.087412 0.993339 -1.264600 0.000000 0.000000 0.000000 1.000000
0.996428 0.026730 0.080104 -0.199000 -0.019177 0.995424 -0.093617 19.075300 -0.082240 0.091747 0.992381 -1.264600 0.000000 0.000000 0.000000 1.000000
0.996407 0.002252 0.084659 -0.199000 0.005764 0.995525 -0.094321 19.075300 -0.084493 0.094470 0.991936 -1.264600 0.000000 0.000000 0.000000 1.000000
0.995935 -0.011083 0.089386 -0.199000 0.019240 0.995672 -0.090919 19.075300 -0.087991 0.092269 0.991839 -1.264600 0.000000 0.000000 0.000000 1.000000
0.995891 -0.012209 0.089737 -0.199000 0.020067 0.995989 -0.087193 19.075300 -0.088312 0.088636 0.992141 -1.264600 0.000000 0.000000 0.000000 1.000000
0.996467 -0.008710 0.083527 -0.199000 0.016076 0.995997 -0.087932 19.075300 -0.082427 0.088965 0.992618 -1.264600 0.000000 0.000000 0.000000 1.000000
0.997185 -0.002847 0.074922 -0.199000 0.009017 0.996580 -0.082137 19.075300 -0.074432 0.082581 0.993801 -1.264600 0.000000 0.000000 0.000000 1.000000
0.997578 0.004731 0.069398 -0.199000 0.000510 0.997160 -0.075307 19.075300 -0.069558 0.075160 0.994743 -1.264600 0.000000 0.000000 0.000000 1.000000
0.997571 0.012027 0.068611 -0.199000 -0.007351 0.997658 -0.068010 19.075300 -0.069268 0.067341 0.995323 -1.264600 0.000000 0.000000 0.000000 1.000000
0.997394 0.016276 0.070282 -0.199000 -0.012002 0.998078 -0.060804 19.075300 -0.071137 0.059802 0.995672 -1.264600 0.000000 0.000000 0.000000 1.000000
0.997152 0.015891 0.073724 -0.199000 -0.011903 0.998458 -0.054224 19.075300 -0.074472 0.053192 0.995803 -1.264600 0.000000 0.000000 0.000000 1.000000
0.996900 0.012220 0.077730 -0.199000 -0.008424 0.998764 -0.048975 19.075300 -0.078233 0.048169 0.995771 -1.264600 0.000000 0.000000 0.000000 1.000000
0.996683 0.007706 0.081011 -0.199000 -0.003600 0.998707 -0.050705 19.075300 -0.081297 0.050245 0.995423 -1.264600 0.000000 0.000000 0.000000 1.000000
0.996781 0.003783 0.080088 -0.199000 0.000826 0.998349 -0.057439 19.075300 -0.080173 0.057320 0.995131 -1.264600 0.000000 0.000000 0.000000 1.000000
0.997027 0.002214 0.077022 -0.199000 0.002877 0.997821 -0.065920 19.075300 -0.077000 0.065946 0.994848 -1.264600 0.000000 0.000000 0.000000 1.000000</float_array><technique_common><accessor source="#mixamorig_Spine-Matrix-animation-output-transform-array" count="66" stride="16"><param type="float4x4"/></accessor></technique_common></source><source id="mixamorig_Spine-Interpolations"><Name_array id="mixamorig_Spine-Interpolations-array" count="66">
 LINEAR LINEAR LINEAR LINEAR LINEAR LINEAR LINEAR LINEAR LINEAR LINEAR LINEAR
LINEAR LINEAR LINEAR LINEAR LINEAR LINEAR LINEAR LINEAR LINEAR LINEAR LINEAR LINEAR
LINEAR LINEAR LINEAR LINEAR LINEAR LINEAR LINEAR LINEAR LINEAR LINEAR LINEAR LINEAR
LINEAR LINEAR LINEAR LINEAR LINEAR LINEAR LINEAR LINEAR LINEAR LINEAR LINEAR LINEAR
LINEAR LINEAR LINEAR LINEAR LINEAR LINEAR LINEAR LINEAR LINEAR LINEAR LINEAR LINEAR
LINEAR LINEAR LINEAR LINEAR LINEAR LINEAR LINEAR</Name_array><technique_common><accessor source="#mixamorig_Spine-Interpolations-array" count="66"><param type="name"/></accessor></technique_common></source><sampler id="mixamorig_Spine-Matrix-animation-transform"><input semantic="INPUT" source="#mixamorig_Spine-Matrix-animation-input"/><input semantic="OUTPUT" source="#mixamorig_Spine-Matrix-animation-output-transform"/><input semantic="INTERPOLATION" source="#mixamorig_Spine-Interpolations"/></sampler><channel source="#mixamorig_Spine-Matrix-animation-transform" target="mixamorig_Spine/matrix"/></animation>
    <animation id="mixamorig_Spine1-anim" name="mixamorig_Spine1"><source id="mixamorig_Spine1-Matrix-animation-input"><float_array id="mixamorig_Spine1-Matrix-animation-input-array" count="66">

0.000000 0.033333 0.066667 0.100000 0.133333 0.166667 0.200000 0.233333 0.266667 0.300000 0.333333 0.366667 0.400000 0.433333 0.466667 0.500000
0.533333 0.566667 0.600000 0.633333 0.666667 0.700000 0.733333 0.766667 0.800000 0.833333 0.866667 0.900000 0.933333 0.966667 1.000000 1.033333
1.066667 1.100000 1.133333 1.166667 1.200000 1.233333 1.266667 1.300000 1.333333 1.366667 1.400000 1.433333 1.466667 1.500000 1.533333 1.566667
1.600000 1.633333 1.666667 1.700000 1.733333 1.766667 1.800000 1.833333 1.866667 1.900000 1.933333 1.966667 2.000000 2.033333 2.066667 2.100000
2.133333 2.166667</float_array><technique_common><accessor source="#mixamorig_Spine1-Matrix-animation-input-array" count="66"><param name="TIME" type="float"/></accessor></technique_common></source><source id="mixamorig_Spine1-Matrix-animation-output-transform"><float_array id="mixamorig_Spine1-Matrix-animation-output-transform-array" count="1056">

0.999936 0.004794 0.010199 0.000000 -0.004298 0.998833 -0.048101 20.188601 -0.010417 0.048054 0.998790 0.000000 0.000000 0.000000 0.000000 1.000000
0.999934 0.005973 0.009781 0.000000 -0.005511 0.998896 -0.046657 20.188601 -0.010049 0.046600 0.998863 0.000000 0.000000 0.000000 0.000000 1.000000
0.999927 0.007749 0.009286 -0.000000 -0.007322 0.998956 -0.045088 20.188601 -0.009626 0.045017 0.998940 -0.000000 0.000000 0.000000 0.000000 1.000000
0.999925 0.008620 0.008698 -0.000000 -0.008239 0.999047 -0.042874 20.188601 -0.009060 0.042799 0.999043 0.000000 0.000000 0.000000 0.000000 1.000000
0.999926 0.008904 0.008320 0.000000 -0.008571 0.999192 -0.039274 20.188601 -0.008663 0.039199 0.999194 0.000000 0.000000 0.000000 0.000000 1.000000
0.999925 0.009440 0.007767 -0.000000 -0.009163 0.999348 -0.034917 20.188601 -0.008092 0.034843 0.999360 0.000000 0.000000 0.000000 0.000000 1.000000
0.999924 0.010173 0.006908 0.000000 -0.009956 0.999479 -0.030707 20.188601 -0.007217 0.030636 0.999505 0.000000 0.000000 0.000000 0.000000 1.000000
0.999908 0.012119 0.006092 -0.000000 -0.011953 0.999574 -0.026617 20.188601 -0.006412 0.026542 0.999627 -0.000000 0.000000 0.000000 0.000000 1.000000
0.999877 0.014829 0.005016 0.000000 -0.014715 0.999650 -0.021994 20.188601 -0.005340 0.021918 0.999746 -0.000000 0.000000 0.000000 0.000000 1.000000
0.999884 0.014994 0.002690 0.000000 -0.014946 0.999743 -0.017060 20.188601 -0.002945 0.017018 0.999851 0.000000 0.000000 0.000000 0.000000 1.000000
0.999946 0.010303 -0.001118 0.000000 -0.010318 0.999852 -0.013757 20.188601 0.000976 0.013768 0.999905 -0.000000 0.000000 0.000000 0.000000 1.000000
0.999981 0.001808 -0.005866 0.000000 -0.001890 0.999900 -0.014046 20.188601 0.005840 0.014057 0.999884 0.000000 0.000000 0.000000 0.000000 1.000000
0.999903 -0.008189 -0.011286 0.000000 0.007988 0.999811 -0.017737 20.188601 0.011429 0.017645 0.999779 -0.000000 0.000000 0.000000 0.000000 1.000000
0.999629 -0.021959 -0.016092 0.000000 0.021607 0.999530 -0.021744 20.188601 0.016561 0.021388 0.999634 0.000000 0.000000 0.000000 0.000000 1.000000
0.999149 -0.037130 -0.017958 -0.000000 0.036742 0.999094 -0.021499 20.188601 0.018740 0.020821 0.999608 0.000000 0.000000 0.000000 0.000000 1.000000
0.998692 -0.049607 -0.012348 0.000000 0.049418 0.998663 -0.015181 20.188601 0.013084 0.014551 0.999809 0.000000 0.000000 0.000000 0.000000 1.000000
0.998427 -0.055745 -0.005954 -0.000000 0.055689 0.998406 -0.009197 20.188601 0.006458 0.008851 0.999940 0.000000 0.000000 0.000000 0.000000 1.000000
0.998681 -0.051325 0.001075 -0.000000 0.051331 0.998658 -0.006815 20.188601 -0.000724 0.006861 0.999976 0.000000 0.000000 0.000000 0.000000 1.000000
0.999187 -0.039397 0.008597 0.000000 0.039509 0.999130 -0.013321 20.188601 -0.008065 0.013650 0.999874 0.000000 0.000000 0.000000 0.000000 1.000000
0.999510 -0.027003 0.015808 0.000000 0.027362 0.999362 -0.022955 20.188601 -0.015178 0.023376 0.999612 0.000000 0.000000 0.000000 0.000000 1.000000
0.999522 -0.021417 0.022289 0.000000 0.022036 0.999367 -0.027913 20.188601 -0.021677 0.028391 0.999362 0.000000 0.000000 0.000000 0.000000 1.000000
0.999280 -0.025804 0.027826 -0.000000 0.026497 0.999341 -0.024826 20.188601 -0.027167 0.025545 0.999304 0.000000 0.000000 0.000000 0.000000 1.000000
0.998850 -0.035790 0.031895 0.000000 0.036371 0.999179 -0.017825 20.188601 -0.031231 0.018965 0.999332 0.000000 0.000000 0.000000 0.000000 1.000000
0.998296 -0.047426 0.033986 0.000000 0.047801 0.998804 -0.010309 20.188601 -0.033456 0.011916 0.999369 0.000000 0.000000 0.000000 0.000000 1.000000
0.997817 -0.056711 0.033850 0.000000 0.056937 0.998361 -0.005748 20.188601 -0.033468 0.007663 0.999410 -0.000000 0.000000 0.000000 0.000000 1.000000
0.997706 -0.059671 0.031972 0.000000 0.059933 0.998176 -0.007282 20.188601 -0.031479 0.009182 0.999462 0.000000 0.000000 0.000000 0.000000 1.000000
0.997927 -0.057590 0.028713 0.000000 0.057956 0.998246 -0.012096 20.188601 -0.027966 0.013735 0.999515 0.000000 0.000000 0.000000 0.000000 1.000000
0.998219 -0.054494 0.024256 0.000000 0.054860 0.998386 -0.014710 20.188601 -0.023415 0.016014 0.999598 -0.000000 0.000000 0.000000 0.000000 1.000000
0.998540 -0.050565 0.019003 0.000000 0.050823 0.998619 -0.013344 20.188601 -0.018302 0.014290 0.999730 -0.000000 0.000000 0.000000 0.000000 1.000000
0.998854 -0.045880 0.013597 0.000000 0.046023 0.998886 -0.010408 20.188601 -0.013104 0.011021 0.999853 0.000000 0.000000 0.000000 0.000000 1.000000
0.999139 -0.040582 0.008581 0.000000 0.040641 0.999150 -0.006840 20.188601 -0.008296 0.007183 0.999940 0.000000 0.000000 0.000000 0.000000 1.000000
0.999383 -0.034841 0.004484 0.000000 0.034857 0.999386 -0.003596 20.188601 -0.004356 0.003750 0.999983 0.000000 0.000000 0.000000 0.000000 1.000000
0.999582 -0.028849 0.001808 -0.000000 0.028852 0.999582 -0.001646 20.188601 -0.001759 0.001698 0.999997 0.000000 0.000000 0.000000 0.000000 1.000000
0.999739 -0.022807 0.000968 -0.000000 0.022809 0.999738 -0.001981 20.188601 -0.000923 0.002002 0.999998 -0.000000 0.000000 0.000000 0.000000 1.000000
0.999856 -0.016901 0.001639 -0.000000 0.016909 0.999845 -0.004883 20.188601 -0.001556 0.004910 0.999987 0.000000 0.000000 0.000000 0.000000 1.000000
0.999931 -0.011306 0.003182 0.000000 0.011336 0.999890 -0.009588 20.188601 -0.003074 0.009624 0.999949 0.000000 0.000000 0.000000 0.000000 1.000000
0.999968 -0.006197 0.004987 0.000000 0.006274 0.999860 -0.015519 20.188601 -0.004890 0.015549 0.999867 0.000000 0.000000 0.000000 0.000000 1.000000
0.999978 -0.001765 0.006460 0.000000 0.001907 0.999754 -0.022082 20.188601 -0.006420 0.022094 0.999735 0.000000 0.000000 0.000000 0.000000 1.000000
0.999974 0.001785 0.007030 0.000000 -0.001583 0.999588 -0.028676 20.188601 -0.007078 0.028664 0.999564 0.000000 0.000000 0.000000 0.000000 1.000000
0.999972 0.004230 0.006231 -0.000000 -0.004011 0.999390 -0.034694 20.188601 -0.006373 0.034668 0.999379 0.000000 0.000000 0.000000 0.000000 1.000000
0.999982 0.003893 0.004604 0.000000 -0.003708 0.999211 -0.039530 20.188601 -0.004754 0.039513 0.999208 -0.000000 0.000000 0.000000 0.000000 1.000000
0.999995 0.000109 0.003040 0.000000 0.000013 0.999197 -0.040066 20.188601 -0.003042 0.040066 0.999192 -0.000000 0.000000 0.000000 0.000000 1.000000
0.999981 -0.005776 0.002277 0.000000 0.005860 0.999237 -0.038617 20.188601 -0.002052 0.038630 0.999251 0.000000 0.000000 0.000000 0.000000 1.000000
0.999919 -0.012446 0.002663 0.000000 0.012541 0.999141 -0.039503 20.188601 -0.002169 0.039533 0.999216 0.000000 0.000000 0.000000 0.000000 1.000000
0.999820 -0.018634 0.003657 0.000000 0.018768 0.998999 -0.040610 20.188601 -0.002897 0.040672 0.999168 0.000000 0.000000 0.000000 0.000000 1.000000
0.999723 -0.023082 0.004653 0.000000 0.023250 0.998935 -0.039856 20.188601 -0.003729 0.039954 0.999195 0.000000 0.000000 0.000000 0.000000 1.000000
0.999725 -0.022920 0.004952 0.000000 0.023078 0.999133 -0.034662 20.188601 -0.004154 0.034767 0.999387 -0.000000 0.000000 0.000000 0.000000 1.000000
0.999765 -0.021370 0.003599 0.000000 0.021461 0.999387 -0.027651 20.188601 -0.003006 0.027722 0.999611 0.000000 0.000000 0.000000 0.000000 1.000000
0.999708 -0.023982 0.003052 0.000000 0.024050 0.999411 -0.024494 20.188601 -0.002463 0.024561 0.999695 0.000000 0.000000 0.000000 0.000000 1.000000
0.999694 -0.024265 0.004714 0.000000 0.024377 0.999381 -0.025346 20.188601 -0.004097 0.025453 0.999668 -0.000000 0.000000 0.000000 0.000000 1.000000
0.999795 -0.019055 0.006781 -0.000000 0.019229 0.999462 -0.026582 20.188601 -0.006271 0.026706 0.999624 -0.000000 0.000000 0.000000 0.000000 1.000000
0.999882 -0.012458 0.009029 0.000000 0.012708 0.999523 -0.028160 20.188601 -0.008674 0.028271 0.999563 -0.000000 0.000000 0.000000 0.000000 1.000000
0.999925 -0.005163 0.011147 0.000000 0.005496 0.999534 -0.030038 20.188601 -0.010987 0.030097 0.999487 -0.000000 0.000000 0.000000 0.000000 1.000000
0.999915 0.002140 0.012826 0.000000 -0.001726 0.999481 -0.032160 20.188601 -0.012888 0.032135 0.999400 -0.000000 0.000000 0.000000 0.000000 1.000000
0.999867 0.008754 0.013766 -0.000000 -0.008275 0.999372 -0.034453 20.188601 -0.014059 0.034335 0.999311 0.000000 0.000000 0.000000 0.000000 1.000000
0.999809 0.013980 0.013651 0.000000 -0.013469 0.999231 -0.036837 20.188601 -0.014156 0.036646 0.999228 -0.000000 0.000000 0.000000 0.000000 1.000000
0.999773 0.017138 0.012697 -0.000000 -0.016628 0.999091 -0.039240 20.188601 -0.013358 0.039020 0.999149 0.000000 0.000000 0.000000 0.000000 1.000000
0.999769 0.018207 0.011382 0.000000 -0.017719 0.998977 -0.041617 20.188601 -0.012128 0.041406 0.999069 0.000000 0.000000 0.000000 0.000000 1.000000
0.999789 0.017848 0.010154 0.000000 -0.017386 0.998883 -0.043938 20.188601 -0.010927 0.043753 0.998983 -0.000000 0.000000 0.000000 0.000000 1.000000
0.999820 0.016422 0.009470 0.000000 -0.015968 0.998806 -0.046171 20.188601 -0.010217 0.046011 0.998889 0.000000 0.000000 0.000000 0.000000 1.000000
0.999851 0.014289 0.009715 0.000000 -0.013804 0.998739 -0.048272 20.188601 -0.010393 0.048131 0.998787 0.000000 0.000000 0.000000 0.000000 1.000000
0.999876 0.011770 0.010491 0.000000 -0.011230 0.998677 -0.050186 20.188601 -0.011068 0.050062 0.998685 0.000000 0.000000 0.000000 0.000000 1.000000
0.999897 0.009168 0.011074 -0.000000 -0.008582 0.998618 -0.051856 20.188601 -0.011534 0.051755 0.998593 0.000000 0.000000 0.000000 0.000000 1.000000
0.999917 0.006769 0.010975 0.000000 -0.006196 0.998659 -0.051399 20.188601 -0.011308 0.051327 0.998618 0.000000 0.000000 0.000000 0.000000 1.000000
0.999932 0.004944 0.010602 -0.000000 -0.004412 0.998762 -0.049552 20.188601 -0.010834 0.049502 0.998715 0.000000 0.000000 0.000000 0.000000 1.000000
0.999936 0.004794 0.010199 0.000000 -0.004298 0.998833 -0.048101 20.188601 -0.010417 0.048054 0.998790 0.000000 0.000000 0.000000 0.000000 1.000000</float_array><technique_common><accessor source="#mixamorig_Spine1-Matrix-animation-output-transform-array" count="66" stride="16"><param type="float4x4"/></accessor></technique_common></source><source id="mixamorig_Spine1-Interpolations"><Name_array id="mixamorig_Spine1-Interpolations-array" count="66">
 LINEAR LINEAR LINEAR LINEAR LINEAR LINEAR LINEAR LINEAR LINEAR LINEAR LINEAR
LINEAR LINEAR LINEAR LINEAR LINEAR LINEAR LINEAR LINEAR LINEAR LINEAR LINEAR LINEAR
LINEAR LINEAR LINEAR LINEAR LINEAR LINEAR LINEAR LINEAR LINEAR LINEAR LINEAR LINEAR
LINEAR LINEAR LINEAR LINEAR LINEAR LINEAR LINEAR LINEAR LINEAR LINEAR LINEAR LINEAR
LINEAR LINEAR LINEAR LINEAR LINEAR LINEAR LINEAR LINEAR LINEAR LINEAR LINEAR LINEAR
LINEAR LINEAR LINEAR LINEAR LINEAR LINEAR LINEAR</Name_array><technique_common><accessor source="#mixamorig_Spine1-Interpolations-array" count="66"><param type="name"/></accessor></technique_common></source><sampler id="mixamorig_Spine1-Matrix-animation-transform"><input semantic="INPUT" source="#mixamorig_Spine1-Matrix-animation-input"/><input semantic="OUTPUT" source="#mixamorig_Spine1-Matrix-animation-output-transform"/><input semantic="INTERPOLATION" source="#mixamorig_Spine1-Interpolations"/></sampler><channel source="#mixamorig_Spine1-Matrix-animation-transform" target="mixamorig_Spine1/matrix"/></animation>
    <animation id="mixamorig_Spine2-anim" name="mixamorig_Spine2"><source id="mixamorig_Spine2-Matrix-animation-input"><float_array id="mixamorig_Spine2-Matrix-animation-input-array" count="66">

0.000000 0.033333 0.066667 0.100000 0.133333 0.166667 0.200000 0.233333 0.266667 0.300000 0.333333 0.366667 0.400000 0.433333 0.466667 0.500000
0.533333 0.566667 0.600000 0.633333 0.666667 0.700000 0.733333 0.766667 0.800000 0.833333 0.866667 0.900000 0.933333 0.966667 1.000000 1.033333
1.066667 1.100000 1.133333 1.166667 1.200000 1.233333 1.266667 1.300000 1.333333 1.366667 1.400000 1.433333 1.466667 1.500000 1.533333 1.566667
1.600000 1.633333 1.666667 1.700000 1.733333 1.766667 1.800000 1.833333 1.866667 1.900000 1.933333 1.966667 2.000000 2.033333 2.066667 2.100000
2.133333 2.166667</float_array><technique_common><accessor source="#mixamorig_Spine2-Matrix-animation-input-array" count="66"><param name="TIME" type="float"/></accessor></technique_common></source><source id="mixamorig_Spine2-Matrix-animation-output-transform"><float_array id="mixamorig_Spine2-Matrix-animation-output-transform-array" count="1056">

0.999942 -0.001987 0.010571 -0.000000 0.002519 0.998715 -0.050611 23.753799 -0.010457 0.050634 0.998663 0.000000 0.000000 0.000000 0.000000 1.000000
0.999949 -0.000770 0.010091 -0.000000 0.001265 0.998789 -0.049184 23.753799 -0.010041 0.049194 0.998739 0.000000 0.000000 0.000000 0.000000 1.000000
0.999954 0.001049 0.009503 -0.000000 -0.000595 0.998864 -0.047640 23.753799 -0.009542 0.047632 0.998819 -0.000000 0.000000 0.000000 0.000000 1.000000
0.999959 0.001963 0.008841 0.000000 -0.001560 0.998966 -0.045442 23.753799 -0.008921 0.045426 0.998928 0.000000 0.000000 0.000000 0.000000 1.000000
0.999962 0.002289 0.008419 -0.000000 -0.001935 0.999122 -0.041848 23.753799 -0.008508 0.041830 0.999089 0.000000 0.000000 0.000000 0.000000 1.000000
0.999965 0.002870 0.007825 0.000000 -0.002575 0.999293 -0.037495 23.753799 -0.007928 0.037474 0.999266 -0.000000 0.000000 0.000000 0.000000 1.000000
0.999969 0.003639 0.006923 0.000000 -0.003407 0.999440 -0.033289 23.753799 -0.007040 0.033264 0.999422 0.000000 0.000000 0.000000 0.000000 1.000000
0.999966 0.005613 0.006018 0.000000 -0.005435 0.999559 -0.029206 23.753799 -0.006179 0.029172 0.999555 0.000000 0.000000 0.000000 0.000000 1.000000
0.999954 0.008341 0.004811 0.000000 -0.008220 0.999664 -0.024590 23.753799 -0.005014 0.024549 0.999686 -0.000000 0.000000 0.000000 0.000000 1.000000
