<?xml version="1.0" encoding="utf-8"?>
<COLLADA xmlns="http://www.collada.org/2005/11/COLLADASchema" version="1.4.1">
  <asset><contributor><author>Mixamo</author><authoring_tool>COLLADA Mixamo exporter</authoring_tool><comments></comments></contributor><created>2018-08-02T07:54:12Z</created><modified>2018-08-02T07:54:12Z</modified><revision></revision><title></title><unit meter="0.010000"/><up_axis>Y_UP</up_axis></asset>
  <library_animations>
    <animation id="mixamorig_Hips-anim" name="mixamorig_Hips"><source id="mixamorig_Hips-Matrix-animation-input"><float_array id="mixamorig_Hips-Matrix-animation-input-array" count="461">

0.000000 0.033333 0.066667 0.100000 0.133333 0.166667 0.200000 0.233333 0.266667 0.300000 0.333333 0.366667 0.400000 0.433333 0.466667 0.500000
0.533333 0.566667 0.600000 0.633333 0.666667 0.700000 0.733333 0.766667 0.800000 0.833333 0.866667 0.900000 0.933333 0.966667 1.000000 1.033333
1.066667 1.100000 1.133333 1.166667 1.200000 1.233333 1.266667 1.300000 1.333333 1.366667 1.400000 1.433333 1.466667 1.500000 1.533333 1.566667
1.600000 1.633333 1.666667 1.700000 1.733333 1.766667 1.800000 1.833333 1.866667 1.900000 1.933333 1.966667 2.000000 2.033333 2.066667 2.100000
2.133333 2.166667 2.200000 2.233333 2.266667 2.300000 2.333333 2.366667 2.400000 2.433333 2.466667 2.500000 2.533333 2.566667 2.600000 2.633333
2.666667 2.700000 2.733333 2.766667 2.800000 2.833333 2.866667 2.900000 2.933333 2.966667 3.000000 3.033333 3.066667 3.100000 3.133333 3.166667
3.200000 3.233333 3.266667 3.300000 3.333333 3.366667 3.400000 3.433333 3.466667 3.500000 3.533333 3.566667 3.600000 3.633333 3.666667 3.700000
3.733333 3.766667 3.800000 3.833333 3.866667 3.900000 3.933333 3.966667 4.000000 4.033333 4.066667 4.100000 4.133333 4.166667 4.200000 4.233333
4.266667 4.300000 4.333333 4.366667 4.400000 4.433333 4.466667 4.500000 4.533333 4.566667 4.600000 4.633333 4.666667 4.700000 4.733333 4.766667
4.800000 4.833333 4.866667 4.900000 4.933333 4.966667 5.000000 5.033333 5.066667 5.100000 5.133333 5.166667 5.200000 5.233333 5.266667 5.300000
5.333333 5.366667 5.400000 5.433333 5.466667 5.500000 5.533333 5.566667 5.600000 5.633333 5.666667 5.700000 5.733333 5.766667 5.800000 5.833333
5.866667 5.900000 5.933333 5.966667 6.000000 6.033333 6.066667 6.100000 6.133333 6.166667 6.200000 6.233333 6.266667 6.300000 6.333333 6.366667
6.400000 6.433333 6.466667 6.500000 6.533333 6.566667 6.600000 6.633333 6.666667 6.700000 6.733333 6.766667 6.800000 6.833333 6.866667 6.900000
6.933333 6.966667 7.000000 7.033333 7.066667 7.100000 7.133333 7.166667 7.200000 7.233333 7.266667 7.300000 7.333333 7.366667 7.400000 7.433333
7.466667 7.500000 7.533333 7.566667 7.600000 7.633333 7.666667 7.700000 7.733333 7.766667 7.800000 7.833333 7.866667 7.900000 7.933333 7.966667
8.000000 8.033333 8.066667 8.100000 8.133333 8.166667 8.200000 8.233333 8.266667 8.300000 8.333333 8.366667 8.400000 8.433333 8.466667 8.500000
8.533333 8.566667 8.600000 8.633333 8.666667 8.700000 8.733333 8.766667 8.800000 8.833333 8.866667 8.900000 8.933333 8.966667 9.000000 9.033333
9.066667 9.100000 9.133333 9.166667 9.200000 9.233333 9.266667 9.300000 9.333333 9.366667 9.400000 9.433333 9.466667 9.500000 9.533333 9.566667
9.600000 9.633333 9.666667 9.700000 9.733333 9.766667 9.800000 9.833333 9.866667 9.900000 9.933333 9.966667 10.000000 10.033333 10.066667 10.100000
10.133333 10.166667 10.200000 10.233333 10.266667 10.300000 10.333333 10.366667 10.400000 10.433333 10.466667 10.500000 10.533333 10.566667 10.600000 10.633333
10.666667 10.700000 10.733333 10.766667 10.800000 10.833333 10.866667 10.900000 10.933333 10.966667 11.000000 11.033333 11.066667 11.100000 11.133333 11.166667
11.200000 11.233333 11.266667 11.300000 11.333333 11.366667 11.400000 11.433333 11.466667 11.500000 11.533333 11.566667 11.600000 11.633333 11.666667 11.700000
11.733333 11.766667 11.800000 11.833333 11.866667 11.900000 11.933333 11.966667 12.000000 12.033333 12.066667 12.100000 12.133333 12.166667 12.200000 12.233333
12.266667 12.300000 12.333333 12.366667 12.400000 12.433333 12.466667 12.500000 12.533333 12.566667 12.600000 12.633333 12.666667 12.700000 12.733333 12.766667
12.800000 12.833333 12.866667 12.900000 12.933333 12.966667 13.000000 13.033333 13.066667 13.100000 13.133333 13.166667 13.200000 13.233333 13.266667 13.300000
13.333333 13.366667 13.400000 13.433333 13.466667 13.500000 13.533333 13.566667 13.600000 13.633333 13.666667 13.700000 13.733333 13.766667 13.800000 13.833333
13.866667 13.900000 13.933333 13.966667 14.000000 14.033333 14.066667 14.100000 14.133333 14.166667 14.200000 14.233333 14.266667 14.300000 14.333333 14.366667
14.400000 14.433333 14.466667 14.500000 14.533333 14.566667 14.600000 14.633333 14.666667 14.700000 14.733333 14.766667 14.800000 14.833333 14.866667 14.900000
14.933333 14.966667 15.000000 15.033333 15.066667 15.100000 15.133333 15.166667 15.200000 15.233333 15.266667 15.300000 15.333333</float_array><technique_common><accessor source="#mixamorig_Hips-Matrix-animation-input-array" count="461"><param name="TIME" type="float"/></accessor></technique_common></source><source id="mixamorig_Hips-Matrix-animation-output-transform"><float_array id="mixamorig_Hips-Matrix-animation-output-transform-array" count="7376">

0.994298 0.038390 -0.099491 0.279767 -0.042993 0.998082 -0.044537 184.775574 0.097591 0.048560 0.994041 -0.221659 0.000000 0.000000 0.000000 1.000000
0.994460 0.040994 -0.096797 0.597805 -0.045249 0.998085 -0.042182 184.873657 0.094882 0.046328 0.994410 -0.021773 0.000000 0.000000 0.000000 1.000000
0.994904 0.040705 -0.092245 0.895958 -0.044523 0.998219 -0.039712 184.856995 0.090464 0.043616 0.994944 0.203090 0.000000 0.000000 0.000000 1.000000
0.995355 0.036722 -0.088998 1.190541 -0.040162 0.998501 -0.037177 184.757690 0.087500 0.040579 0.995338 0.464413 0.000000 0.000000 0.000000 1.000000
0.995053 0.031372 -0.094258 1.538564 -0.034251 0.998990 -0.029075 184.560318 0.093250 0.032159 0.995123 0.742051 0.000000 0.000000 0.000000 1.000000
0.994165 0.027517 -0.104306 1.902640 -0.028910 0.999512 -0.011869 184.200867 0.103928 0.014815 0.994474 0.912957 0.000000 0.000000 0.000000 1.000000
0.993315 0.025748 -0.112525 2.171086 -0.024145 0.999587 0.015586 183.584137 0.112879 -0.012765 0.993527 0.816495 0.000000 0.000000 0.000000 1.000000
0.993359 0.024946 -0.112315 2.220283 -0.019506 0.998595 0.049270 182.674042 0.113387 -0.046752 0.992450 0.353081 0.000000 0.000000 0.000000 1.000000
0.994421 0.023604 -0.102810 2.022666 -0.014981 0.996366 0.083851 181.505173 0.104416 -0.081843 0.991160 -0.429369 0.000000 0.000000 0.000000 1.000000
0.995491 0.021657 -0.092348 1.684837 -0.011004 0.993381 0.114336 180.297699 0.094213 -0.112804 0.989141 -1.312623 0.000000 0.000000 0.000000 1.000000
0.996182 0.021432 -0.084624 1.409975 -0.009789 0.990704 0.135683 179.481293 0.086745 -0.134337 0.987132 -2.067505 0.000000 0.000000 0.000000 1.000000
0.996841 0.021575 -0.076435 1.260168 -0.010483 0.989719 0.142644 179.493866 0.078726 -0.141392 0.986818 -2.573286 0.000000 0.000000 0.000000 1.000000
0.997710 0.018380 -0.065099 1.215388 -0.009600 0.991112 0.132684 180.542801 0.066959 -0.131756 0.989018 -2.747655 0.000000 0.000000 0.000000 1.000000
0.998549 0.012424 -0.052400 1.246827 -0.006757 0.994239 0.106974 182.410416 0.053427 -0.106465 0.992880 -2.491688 0.000000 0.000000 0.000000 1.000000
0.998992 0.008402 -0.044098 1.364571 -0.005212 0.997394 0.071957 184.041794 0.044588 -0.071655 0.996432 -1.933830 0.000000 0.000000 0.000000 1.000000
0.998859 0.009049 -0.046898 1.570550 -0.007233 0.999222 0.038760 184.823013 0.047212 -0.038377 0.998147 -1.555632 0.000000 0.000000 0.000000 1.000000
0.997966 0.012724 -0.062472 1.802275 -0.011675 0.999785 0.017132 185.001160 0.062676 -0.016368 0.997900 -1.749610 0.000000 0.000000 0.000000 1.000000
0.996433 0.016002 -0.082855 1.958286 -0.015315 0.999843 0.008925 185.050247 0.082985 -0.007624 0.996522 -2.377273 0.000000 0.000000 0.000000 1.000000
0.995203 0.017860 -0.096184 2.046627 -0.017046 0.999812 0.009276 185.064270 0.096332 -0.007592 0.995320 -2.982397 0.000000 0.000000 0.000000 1.000000
0.995071 0.019097 -0.097311 2.118421 -0.017733 0.999732 0.014868 185.007294 0.097569 -0.013069 0.995143 -3.257140 0.000000 0.000000 0.000000 1.000000
0.995769 0.020626 -0.089552 2.198802 -0.018197 0.999446 0.027855 184.823074 0.090077 -0.026108 0.995593 -3.212282 0.000000 0.000000 0.000000 1.000000
0.996559 0.022699 -0.079713 2.290246 -0.018686 0.998538 0.050724 184.433304 0.080748 -0.049060 0.995526 -3.035123 0.000000 0.000000 0.000000 1.000000
0.996967 0.025151 -0.073644 2.383086 -0.019269 0.996647 0.079515 183.787842 0.075396 -0.077855 0.994110 -2.875199 0.000000 0.000000 0.000000 1.000000
0.996860 0.028113 -0.074022 2.485714 -0.020266 0.994297 0.104706 182.920593 0.076544 -0.102877 0.991745 -2.737959 0.000000 0.000000 0.000000 1.000000
0.996229 0.031639 -0.080791 2.613789 -0.021743 0.992469 0.120548 181.914505 0.083997 -0.118336 0.989414 -2.576289 0.000000 0.000000 0.000000 1.000000
0.995134 0.035255 -0.092013 2.743036 -0.023088 0.991234 0.130084 181.035812 0.095792 -0.127326 0.987224 -2.430415 0.000000 0.000000 0.000000 1.000000
0.993857 0.037989 -0.103948 2.845170 -0.023366 0.990095 0.138443 180.464294 0.108177 -0.135163 0.984900 -2.367666 0.000000 0.000000 0.000000 1.000000
0.992929 0.038446 -0.112311 2.918511 -0.021798 0.989065 0.145861 180.387939 0.116691 -0.142381 0.982909 -2.309381 0.000000 0.000000 0.000000 1.000000
0.992856 0.035434 -0.113936 2.953952 -0.018381 0.988910 0.147376 181.010101 0.117895 -0.144228 0.982496 -2.071874 0.000000 0.000000 0.000000 1.000000
0.993841 0.030049 -0.106665 2.902756 -0.015578 0.990860 0.133991 182.400162 0.109716 -0.131504 0.985225 -1.558709 0.000000 0.000000 0.000000 1.000000
0.995508 0.027042 -0.090736 2.778718 -0.018010 0.994933 0.098917 183.876038 0.092951 -0.096838 0.990950 -0.962423 0.000000 0.000000 0.000000 1.000000
0.996944 0.029488 -0.072336 2.665034 -0.025959 0.998449 0.049250 184.619858 0.073676 -0.047221 0.996164 -0.822120 0.000000 0.000000 0.000000 1.000000
0.997542 0.035857 -0.060204 2.526331 -0.035637 0.999354 0.004727 184.535614 0.060335 -0.002570 0.998175 -1.629490 0.000000 0.000000 0.000000 1.000000
0.997509 0.041942 -0.056714 2.334881 -0.043177 0.998852 -0.020731 184.417709 0.055780 0.023128 0.998175 -3.190538 0.000000 0.000000 0.000000 1.000000
0.997415 0.043855 -0.056917 2.044566 -0.045556 0.998542 -0.028947 184.469254 0.055565 0.031465 0.997959 -4.735641 0.000000 0.000000 0.000000 1.000000
0.997494 0.041845 -0.057056 1.734021 -0.043427 0.998698 -0.026760 184.616623 0.055862 0.029171 0.998012 -5.596855 0.000000 0.000000 0.000000 1.000000
0.997503 0.038547 -0.059172 1.464559 -0.039421 0.999129 -0.013673 184.777954 0.058593 0.015971 0.998154 -5.656099 0.000000 0.000000 0.000000 1.000000
0.997050 0.037465 -0.066983 1.191149 -0.036523 0.999217 0.015231 184.751007 0.067501 -0.012740 0.997638 -5.187192 0.000000 0.000000 0.000000 1.000000
0.996105 0.038172 -0.079485 0.742195 -0.033708 0.997819 0.056762 184.263550 0.081478 -0.053862 0.995219 -4.495290 0.000000 0.000000 0.000000 1.000000
0.995110 0.039939 -0.090336 0.115435 -0.031109 0.994786 0.097125 183.343384 0.093744 -0.093839 0.991164 -3.708909 0.000000 0.000000 0.000000 1.000000
0.994699 0.040023 -0.094717 -0.643489 -0.027999 0.991757 0.125040 182.000443 0.098940 -0.121725 0.987620 -2.887490 0.000000 0.000000 0.000000 1.000000
0.994703 0.039936 -0.094714 -1.407588 -0.026344 0.989710 0.140638 180.467590 0.099356 -0.137398 0.985520 -2.174670 0.000000 0.000000 0.000000 1.000000
0.994343 0.043305 -0.096987 -2.095760 -0.028514 0.988426 0.149000 179.118668 0.102317 -0.145391 0.984069 -1.712606 0.000000 0.000000 0.000000 1.000000
0.993861 0.046309 -0.100482 -2.397655 -0.030720 0.987983 0.151480 178.621521 0.106289 -0.147463 0.983340 -1.578992 0.000000 0.000000 0.000000 1.000000
0.992556 0.051665 -0.110290 -2.945958 -0.034414 0.987635 0.152945 178.156464 0.116828 -0.148011 0.982061 -1.454146 0.000000 0.000000 0.000000 1.000000
0.991538 0.053926 -0.118088 -3.469101 -0.035871 0.988035 0.150002 178.572510 0.124764 -0.144497 0.981608 -1.402014 0.000000 0.000000 0.000000 1.000000
0.992037 0.052096 -0.114669 -3.917784 -0.035854 0.989587 0.139397 179.904617 0.120737 -0.134176 0.983575 -1.293564 0.000000 0.000000 0.000000 1.000000
0.994204 0.047960 -0.096224 -4.233085 -0.036598 0.992509 0.116558 181.791275 0.101094 -0.112361 0.988512 -0.947577 0.000000 0.000000 0.000000 1.000000
0.996579 0.043532 -0.070251 -4.338931 -0.037693 0.995886 0.082408 183.441833 0.073549 -0.079478 0.994120 -0.373530 0.000000 0.000000 0.000000 1.000000
0.997840 0.039227 -0.052692 -4.127186 -0.036764 0.998222 0.046924 184.206314 0.054439 -0.044885 0.997508 0.049451 0.000000 0.000000 0.000000 1.000000
0.997730 0.035389 -0.057284 -3.588579 -0.034126 0.999156 0.022873 184.331131 0.058045 -0.020866 0.998096 -0.061927 0.000000 0.000000 0.000000 1.000000
0.995808 0.033871 -0.084968 -2.857141 -0.032734 0.999355 0.014736 184.274368 0.085412 -0.011893 0.996275 -0.735918 0.000000 0.000000 0.000000 1.000000
0.991965 0.036382 -0.121169 -2.177292 -0.034951 0.999292 0.013915 184.298141 0.121590 -0.009568 0.992534 -1.641198 0.000000 0.000000 0.000000 1.000000
0.988180 0.040819 -0.147761 -1.442770 -0.039947 0.999162 0.008871 184.432480 0.147999 -0.002864 0.988983 -2.399101 0.000000 0.000000 0.000000 1.000000
0.986585 0.043661 -0.157302 -0.665412 -0.044154 0.999025 0.000359 184.591995 0.157164 0.006591 0.987551 -2.916177 0.000000 0.000000 0.000000 1.000000
0.987060 0.045505 -0.153756 0.142941 -0.046128 0.998935 -0.000485 184.580963 0.153570 0.007571 0.988109 -3.361031 0.000000 0.000000 0.000000 1.000000
0.988350 0.049645 -0.143876 0.970452 -0.048434 0.998755 0.011912 184.259369 0.144288 -0.004805 0.989524 -3.885410 0.000000 0.000000 0.000000 1.000000
0.989714 0.056933 -0.131241 1.805282 -0.053374 0.998109 0.030486 183.487045 0.132729 -0.023167 0.990882 -4.483745 0.000000 0.000000 0.000000 1.000000
0.990744 0.065371 -0.118968 2.635593 -0.060309 0.997135 0.045660 182.296890 0.121612 -0.038062 0.991848 -5.019916 0.000000 0.000000 0.000000 1.000000
0.991043 0.071844 -0.112572 3.449545 -0.065829 0.996243 0.056277 180.969955 0.116192 -0.048363 0.992049 -5.364490 0.000000 0.000000 0.000000 1.000000
0.990754 0.072960 -0.114386 4.235300 -0.065726 0.995666 0.065793 179.867111 0.118690 -0.057666 0.991255 -5.459777 0.000000 0.000000 0.000000 1.000000
0.990714 0.067167 -0.118211 4.981019 -0.058569 0.995480 0.074762 179.340103 0.122698 -0.067145 0.990170 -4.679869 0.000000 0.000000 0.000000 1.000000
0.991921 0.053868 -0.114851 5.674864 -0.044620 0.995664 0.081623 179.620590 0.118749 -0.075839 0.990024 -3.727116 0.000000 0.000000 0.000000 1.000000
0.994122 0.033461 -0.102964 6.304997 -0.024756 0.996100 0.084690 180.757797 0.105396 -0.081643 0.991073 -2.732978 0.000000 0.000000 0.000000 1.000000
0.995440 0.010350 -0.094823 6.859577 -0.002573 0.996648 0.081775 182.297058 0.095351 -0.081158 0.992130 -1.828911 0.000000 0.000000 0.000000 1.000000
0.996020 -0.007946 -0.088779 7.326768 0.014347 0.997323 0.071698 183.617645 0.087971 -0.072687 0.993468 -1.146375 0.000000 0.000000 0.000000 1.000000
0.995664 -0.015739 -0.091679 7.694730 0.020956 0.998198 0.056229 184.224030 0.090628 -0.057907 0.994200 -0.816829 0.000000 0.000000 0.000000 1.000000
0.999541 -0.019317 0.023333 7.951623 0.018343 0.998980 0.041255 184.312973 -0.024106 -0.040808 0.998876 -1.191124 0.000000 0.000000 0.000000 1.000000
0.989008 -0.016739 0.146910 8.085612 0.013140 0.999590 0.025436 184.199188 -0.147275 -0.023226 0.988823 -2.208449 0.000000 0.000000 0.000000 1.000000
0.961468 -0.012333 0.274640 7.919811 0.011301 0.999922 0.005340 184.092697 -0.274684 -0.002031 0.961532 -3.382766 0.000000 0.000000 0.000000 1.000000
0.915714 -0.000143 0.401831 7.345948 0.010853 0.999644 -0.024376 184.078888 -0.401685 0.026682 0.915389 -4.228036 0.000000 0.000000 0.000000 1.000000
0.851977 0.026326 0.522916 6.455109 0.006662 0.998109 -0.061104 184.112228 -0.523536 0.055543 0.850191 -4.258221 0.000000 0.000000 0.000000 1.000000
0.771829 0.058917 0.633095 5.338373 0.000275 0.995667 -0.092994 184.047211 -0.635830 0.071949 0.768468 -3.682807 0.000000 0.000000 0.000000 1.000000
0.678172 0.082239 0.730287 4.086824 -0.001837 0.993906 -0.110219 183.863297 -0.734901 0.073406 0.674190 -3.039553 0.000000 0.000000 0.000000 1.000000
0.574986 0.090427 0.813151 2.791544 0.001918 0.993722 -0.111864 183.526581 -0.818161 0.065880 0.571202 -2.334834 0.000000 0.000000 0.000000 1.000000
0.466838 0.013064 0.884246 1.543616 0.005974 0.999821 -0.017926 182.907211 -0.884323 0.013651 0.466676 -1.575026 0.000000 0.000000 0.000000 1.000000
0.358674 -0.113467 0.926541 0.434122 0.003750 0.992752 0.120124 181.797134 -0.933456 -0.039611 0.356499 -0.766503 0.000000 0.000000 0.000000 1.000000
0.255152 -0.205823 0.944740 -0.445857 -0.003354 0.976887 0.213732 180.097733 -0.966895 -0.057703 0.248564 0.084359 0.000000 0.000000 0.000000 1.000000
0.160468 -0.196159 0.967353 -1.005236 -0.007333 0.979789 0.199897 178.423691 -0.987014 -0.039171 0.155787 0.971186 0.000000 0.000000 0.000000 1.000000
0.078748 -0.050300 0.995625 -0.854430 -0.002992 0.998710 0.050692 177.268051 -0.996890 -0.006970 0.078496 1.887604 0.000000 0.000000 0.000000 1.000000
0.011576 -0.159044 0.987204 0.032050 0.005424 0.987265 0.158990 176.576584 -0.999918 0.003514 0.012291 2.827236 0.000000 0.000000 0.000000 1.000000
-0.012169 -0.192907 0.981142 1.199131 -0.018477 0.981090 0.192668 176.520950 -0.999755 -0.015784 -0.015503 3.783709 0.000000 0.000000 0.000000 1.000000
-0.000016 -0.173780 0.984785 2.191743 -0.018324 0.984619 0.173751 176.967773 -0.999832 -0.018042 -0.003200 4.750647 0.000000 0.000000 0.000000 1.000000
-0.008243 -0.122356 0.992452 2.554814 0.012885 0.992390 0.122456 177.834732 -0.999883 0.013797 -0.006604 5.721675 0.000000 0.000000 0.000000 1.000000
-0.061710 -0.058134 0.996400 2.337020 0.032591 0.997653 0.060226 178.720581 -0.997562 0.036190 -0.059671 6.690419 0.000000 0.000000 0.000000 1.000000
-0.135697 -0.004789 0.990739 1.920510 0.009128 0.999940 0.006084 179.174438 -0.990708 0.009869 -0.135645 7.650503 0.000000 0.000000 0.000000 1.000000
-0.200120 0.012948 0.979686 1.350424 -0.043024 0.998832 -0.021989 179.239944 -0.978826 -0.046551 -0.199329 8.595552 0.000000 0.000000 0.000000 1.000000
-0.251265 0.005074 0.967905 0.671902 -0.089853 0.995546 -0.028544 178.900238 -0.963739 -0.094141 -0.249690 9.519193 0.000000 0.000000 0.000000 1.000000
-0.293026 -0.003314 0.956099 -0.069914 -0.112950 0.993112 -0.031174 178.489059 -0.949409 -0.117126 -0.291382 10.415050 0.000000 0.000000 0.000000 1.000000
-0.321897 -0.008292 0.946738 -0.829886 -0.104447 0.994169 -0.026806 178.033966 -0.940996 -0.107513 -0.320886 11.276747 0.000000 0.000000 0.000000 1.000000
-0.328567 -0.008775 0.944440 -1.562873 -0.069871 0.997443 -0.015040 177.562500 -0.941893 -0.070930 -0.328340 12.097910 0.000000 0.000000 0.000000 1.000000
-0.311834 -0.008254 0.950101 -2.223734 -0.026191 0.999657 0.000088 177.102173 -0.949776 -0.024857 -0.311943 12.872165 0.000000 0.000000 0.000000 1.000000
-0.277186 -0.010745 0.960756 -2.767329 0.009677 0.999856 0.013975 176.680527 -0.960768 0.013171 -0.277042 13.593136 0.000000 0.000000 0.000000 1.000000
-0.235620 -0.017454 0.971689 -3.148519 0.027930 0.999304 0.024723 176.325104 -0.971444 0.032964 -0.234968 14.254447 0.000000 0.000000 0.000000 1.000000
-0.199253 -0.026902 0.979579 -3.322162 0.027452 0.999078 0.033021 176.063431 -0.979564 0.033471 -0.198330 14.849725 0.000000 0.000000 0.000000 1.000000
-0.177319 -0.037254 0.983448 -3.243119 0.011207 0.999142 0.039869 175.923035 -0.984090 0.018091 -0.176749 15.372595 0.000000 0.000000 0.000000 1.000000
-0.183623 -0.047540 0.981846 -2.866250 -0.016484 0.998838 0.045280 175.931473 -0.982858 -0.007870 -0.184194 15.816682 0.000000 0.000000 0.000000 1.000000
-0.200163 -0.058918 0.977989 -2.137724 -0.058278 0.997139 0.048144 176.108215 -0.978028 -0.047359 -0.203024 16.175610 0.000000 0.000000 0.000000 1.000000
-0.186437 -0.069833 0.979982 -1.070614 -0.104538 0.993218 0.050888 176.435516 -0.976889 -0.092958 -0.192473 16.443005 0.000000 0.000000 0.000000 1.000000
-0.129043 -0.075363 0.988771 0.279866 -0.123991 0.990509 0.059313 176.885132 -0.983857 -0.114945 -0.137162 16.599630 0.000000 0.000000 0.000000 1.000000
-0.062995 -0.078067 0.994956 1.858502 -0.107152 0.991702 0.071027 177.428741 -0.992245 -0.102137 -0.070838 16.636667 0.000000 0.000000 0.000000 1.000000
-0.018580 -0.082846 0.996389 3.610081 -0.074200 0.993927 0.081258 178.038055 -0.997070 -0.072422 -0.024614 16.563356 0.000000 0.000000 0.000000 1.000000
0.002875 -0.090052 0.995933 5.479388 -0.062737 0.993959 0.090055 178.684799 -0.998026 -0.062741 -0.002792 16.388941 0.000000 0.000000 0.000000 1.000000
0.025018 -0.098071 0.994865 7.411210 -0.071924 0.992421 0.099638 179.340683 -0.997096 -0.074048 0.017775 16.122663 0.000000 0.000000 0.000000 1.000000
0.052567 -0.106886 0.992881 9.350331 -0.074529 0.991063 0.110636 179.977417 -0.995832 -0.079814 0.044131 15.773767 0.000000 0.000000 0.000000 1.000000
0.082892 -0.117100 0.989655 11.241541 -0.068920 0.990021 0.122916 180.566742 -0.994172 -0.078396 0.073995 15.351493 0.000000 0.000000 0.000000 1.000000
0.113019 -0.129394 0.985131 13.029623 -0.055236 0.989133 0.136257 181.080307 -0.992056 -0.069814 0.104644 14.865088 0.000000 0.000000 0.000000 1.000000
0.140636 -0.144268 0.979494 14.659364 -0.035410 0.987961 0.150599 181.060623 -0.989428 -0.055863 0.133834 14.323791 0.000000 0.000000 0.000000 1.000000
0.164843 -0.161877 0.972945 16.075550 -0.012724 0.986009 0.166206 181.625977 -0.986238 -0.039778 0.160477 13.736847 0.000000 0.000000 0.000000 1.000000
0.186559 -0.189371 0.964020 15.759407 0.000555 0.981267 0.192652 181.737671 -0.982444 -0.035406 0.183169 13.113499 0.000000 0.000000 0.000000 1.000000
0.208474 -0.228074 0.951063 15.207810 -0.005298 0.972152 0.234292 180.265259 -0.978014 -0.053883 0.201460 12.462989 0.000000 0.000000 0.000000 1.000000
0.229436 -0.269749 0.935198 16.665434 -0.027809 0.958620 0.283327 178.336563 -0.972926 -0.091013 0.212441 11.794560 0.000000 0.000000 0.000000 1.000000
0.246771 -0.307434 0.919015 18.680378 -0.060676 0.941581 0.331276 177.619995 -0.967172 -0.137512 0.213701 11.117455 0.000000 0.000000 0.000000 1.000000
0.261026 -0.335308 0.905226 20.176044 -0.093889 0.924471 0.369510 178.394440 -0.960755 -0.181442 0.209830 10.440919 0.000000 0.000000 0.000000 1.000000
0.278015 -0.347646 0.895461 20.016880 -0.114804 0.913504 0.390295 179.681488 -0.953691 -0.211310 0.214057 9.774191 0.000000 0.000000 0.000000 1.000000
0.299669 -0.346322 0.888966 19.593613 -0.123528 0.909859 0.396102 181.263687 -0.946012 -0.228512 0.229876 9.126516 0.000000 0.000000 0.000000 1.000000
0.322143 -0.338222 0.884211 20.459013 -0.129719 0.909422 0.395125 182.923523 -0.937762 -0.241986 0.249091 8.507138 0.000000 0.000000 0.000000 1.000000
0.345277 -0.324951 0.880449 21.608936 -0.133216 0.911676 0.388717 184.443527 -0.928998 -0.251505 0.271492 7.925298 0.000000 0.000000 0.000000 1.000000
0.368828 -0.308105 0.876948 21.920824 -0.133968 0.915992 0.378167 185.606171 -0.919793 -0.256961 0.296567 7.390240 0.000000 0.000000 0.000000 1.000000
0.392489 -0.289280 0.873080 21.414381 -0.132037 0.921698 0.364745 186.194031 -0.910230 -0.258437 0.323561 6.911206 0.000000 0.000000 0.000000 1.000000
0.415914 -0.270048 0.868384 20.860853 -0.127616 0.928113 0.349744 186.245529 -0.900405 -0.256283 0.351552 6.497439 0.000000 0.000000 0.000000 1.000000
0.438741 -0.251929 0.862576 20.265003 -0.121030 0.934584 0.334521 185.991531 -0.890426 -0.251166 0.379549 6.443063 0.000000 0.000000 0.000000 1.000000
0.460622 -0.236354 0.855549 19.631588 -0.112737 0.940509 0.320522 185.503143 -0.880408 -0.244091 0.406573 6.750561 0.000000 0.000000 0.000000 1.000000
0.481246 -0.224630 0.847316 18.965372 -0.103316 0.945337 0.309296 184.851486 -0.870476 -0.236389 0.431732 6.991714 0.000000 0.000000 0.000000 1.000000
0.500355 -0.217917 0.837948 18.271118 -0.093462 0.948559 0.302490 184.107681 -0.860761 -0.229669 0.454249 6.855672 0.000000 0.000000 0.000000 1.000000
0.517752 -0.217227 0.827494 17.553585 -0.083957 0.949659 0.301828 183.342804 -0.851401 -0.225745 0.473450 6.823652 0.000000 0.000000 0.000000 1.000000
0.520943 -0.235841 0.820364 16.817533 -0.073901 0.945004 0.318601 182.628006 -0.850386 -0.226598 0.474865 7.140500 0.000000 0.000000 0.000000 1.000000
0.507502 -0.257963 0.822129 16.067724 -0.072629 0.937931 0.339132 182.034378 -0.858584 -0.231821 0.457267 7.532187 0.000000 0.000000 0.000000 1.000000
0.495479 -0.280413 0.822113 15.308923 -0.073764 0.929456 0.361483 181.633026 -0.865482 -0.239750 0.439842 7.980291 0.000000 0.000000 0.000000 1.000000
0.503643 -0.305273 0.808178 14.545886 -0.068138 0.918536 0.389421 181.495056 -0.861221 -0.251197 0.441814 8.466392 0.000000 0.000000 0.000000 1.000000
0.527680 -0.312270 0.789963 13.783378 -0.061487 0.913496 0.402174 181.870621 -0.847215 -0.260792 0.462833 8.972066 0.000000 0.000000 0.000000 1.000000
0.552485 -0.309134 0.774078 13.026158 -0.054781 0.913208 0.403796 182.789993 -0.831721 -0.265496 0.487598 9.478890 0.000000 0.000000 0.000000 1.000000
0.577518 -0.300878 0.758911 12.278989 -0.051786 0.914233 0.401865 183.994507 -0.814734 -0.271385 0.512405 9.968446 0.000000 0.000000 0.000000 1.000000
0.601982 -0.290121 0.743940 11.546631 -0.059820 0.912658 0.404323 185.225479 -0.796266 -0.287898 0.532048 10.422308 0.000000 0.000000 0.000000 1.000000
0.625876 -0.257960 0.736027 10.833846 -0.074606 0.919588 0.385735 186.224228 -0.776346 -0.296334 0.556303 10.822055 0.000000 0.000000 0.000000 1.000000
0.650644 -0.215437 0.728182 10.145394 -0.081260 0.933655 0.348834 186.732117 -0.755022 -0.286139 0.589971 11.149268 0.000000 0.000000 0.000000 1.000000
0.677641 -0.201485 0.707252 9.486038 -0.066692 0.940934 0.331957 186.490433 -0.732362 -0.272116 0.624178 11.385521 0.000000 0.000000 0.000000 1.000000
0.704670 -0.203017 0.679871 9.699619 -0.039172 0.945599 0.322968 185.684937 -0.708453 -0.254218 0.658383 11.512394 0.000000 0.000000 0.000000 1.000000
0.729863 -0.196550 0.654727 5.527889 -0.016206 0.952529 0.304016 184.690872 -0.683401 -0.232501 0.692030 11.511465 0.000000 0.000000 0.000000 1.000000
0.753387 -0.157770 0.638370 1.108911 -0.017909 0.965508 0.259756 183.533920 -0.657333 -0.207130 0.724576 11.364311 0.000000 0.000000 0.000000 1.000000
0.775071 -0.090424 0.625371 -3.498201 -0.043241 0.979797 0.195262 182.239670 -0.630393 -0.178384 0.755503 11.060774 0.000000 0.000000 0.000000 1.000000
0.794307 -0.016614 0.607289 -8.234333 -0.076024 0.989050 0.126494 180.833801 -0.602741 -0.146643 0.784347 10.615224 0.000000 0.000000 0.000000 1.000000
0.810318 0.061322 0.582773 -13.040371 -0.115212 0.991770 0.055839 179.341934 -0.574553 -0.112390 0.810714 10.046026 0.000000 0.000000 0.000000 1.000000
0.822446 0.140872 0.551123 -17.857201 -0.159517 0.987092 -0.014262 177.789703 -0.546019 -0.076184 0.834302 9.371554 0.000000 0.000000 0.000000 1.000000
0.830257 0.219488 0.512346 -22.625708 -0.207446 0.974849 -0.081458 176.202744 -0.517339 -0.038653 0.854907 8.610175 0.000000 0.000000 0.000000 1.000000
0.833617 0.294734 0.467134 -27.286777 -0.257357 0.955579 -0.143652 174.606689 -0.488723 -0.000470 0.872439 7.780261 0.000000 0.000000 0.000000 1.000000
0.832746 0.364445 0.416789 -31.781296 -0.307534 0.930463 -0.199153 173.027176 -0.460388 0.037667 0.886919 6.900179 0.000000 0.000000 0.000000 1.000000
0.828236 0.426845 0.363081 -36.050148 -0.356261 0.901205 -0.246796 171.489838 -0.432554 0.075054 0.898478 5.988301 0.000000 0.000000 0.000000 1.000000
0.821035 0.480611 0.308083 -40.034225 -0.401888 0.869881 -0.285995 170.020355 -0.405448 0.110998 0.907354 5.062994 0.000000 0.000000 0.000000 1.000000
0.812397 0.524880 0.253993 -43.674404 -0.442886 0.838764 -0.316744 168.644302 -0.379292 0.144832 0.913871 4.142631 0.000000 0.000000 0.000000 1.000000
0.803808 0.559189 0.202979 -46.911579 -0.477865 0.810158 -0.339542 167.387329 -0.354313 0.175930 0.918429 3.245579 0.000000 0.000000 0.000000 1.000000
0.796884 0.583361 0.157054 -48.598740 -0.505562 0.786254 -0.355264 166.275101 -0.330731 0.203703 0.921478 2.390208 0.000000 0.000000 0.000000 1.000000
0.796318 0.592829 0.120129 -48.260952 -0.520136 0.772493 -0.364298 165.333221 -0.308765 0.227614 0.923502 1.594888 0.000000 0.000000 0.000000 1.000000
0.802277 0.588050 0.102710 -46.847202 -0.518455 0.771674 -0.368407 164.910400 -0.295900 0.242314 0.923973 0.877989 0.000000 0.000000 0.000000 1.000000
0.810762 0.575259 0.108363 -45.306480 -0.504535 0.780586 -0.368958 165.166580 -0.296833 0.244465 0.923108 0.257880 0.000000 0.000000 0.000000 1.000000
0.819393 0.558295 0.130004 -44.587765 -0.483805 0.795183 -0.365536 165.844238 -0.307454 0.236621 0.921674 -0.008231 0.000000 0.000000 0.000000 1.000000
0.825880 0.540542 0.160423 -44.811848 -0.461752 0.811669 -0.357741 166.685928 -0.323585 0.221376 0.919938 0.143859 0.000000 0.000000 0.000000 1.000000
0.828563 0.525767 0.192490 -45.373718 -0.444012 0.826457 -0.346154 167.434113 -0.341080 0.201342 0.918219 0.443014 0.000000 0.000000 0.000000 1.000000
0.826440 0.518512 0.219413 -46.133713 -0.436284 0.836102 -0.332551 167.831299 -0.355883 0.179107 0.917206 0.618096 0.000000 0.000000 0.000000 1.000000
0.819771 0.521933 0.235716 -46.952148 -0.442109 0.838385 -0.318828 167.771851 -0.364027 0.157154 0.918034 0.573908 0.000000 0.000000 0.000000 1.000000
0.812159 0.533141 0.236978 -47.689354 -0.459288 0.834708 -0.303838 167.441956 -0.359796 0.137923 0.922781 0.469821 0.000000 0.000000 0.000000 1.000000
0.803380 0.549761 0.228785 -48.205650 -0.482598 0.826199 -0.290677 167.021881 -0.348825 0.123113 0.929066 0.416547 0.000000 0.000000 0.000000 1.000000
0.791250 0.569594 0.222455 -48.361359 -0.505348 0.813933 -0.286597 166.691971 -0.344307 0.114352 0.931867 0.606059 0.000000 0.000000 0.000000 1.000000
0.776264 0.589499 0.223395 -48.016811 -0.521935 0.799725 -0.296686 166.707565 -0.353551 0.113709 0.928478 0.934943 0.000000 0.000000 0.000000 1.000000
0.762862 0.604686 0.228904 -47.032330 -0.529361 0.787405 -0.315865 166.017303 -0.371240 0.119789 0.920778 1.070832 0.000000 0.000000 0.000000 1.000000
0.755486 0.610279 0.238330 -45.524269 -0.525126 0.781574 -0.336727 165.251831 -0.391770 0.129239 0.910941 0.681363 0.000000 0.000000 0.000000 1.000000
0.758367 0.601150 0.251988 -43.728729 -0.506985 0.786971 -0.351629 165.400513 -0.409689 0.138910 0.901587 -0.259200 0.000000 0.000000 0.000000 1.000000
0.771738 0.576901 0.267591 -41.685665 -0.477762 0.803671 -0.354762 166.504211 -0.419718 0.145939 0.895845 -1.490810 0.000000 0.000000 0.000000 1.000000
0.793756 0.538195 0.283368 -39.435020 -0.443139 0.830828 -0.336677 167.887711 -0.416628 0.141668 0.897971 -2.917161 0.000000 0.000000 0.000000 1.000000
0.824970 0.493629 0.275235 -37.016731 -0.404264 0.855714 -0.322993 169.466354 -0.394961 0.155192 0.905495 -4.441945 0.000000 0.000000 0.000000 1.000000
0.860493 0.439942 0.256909 -34.470753 -0.359270 0.881549 -0.306261 171.155518 -0.361216 0.171236 0.916625 -5.968856 0.000000 0.000000 0.000000 1.000000
0.894233 0.379517 0.237304 -31.837025 -0.306884 0.905788 -0.292183 172.870514 -0.325836 0.188455 0.926453 -7.401587 0.000000 0.000000 0.000000 1.000000
0.924529 0.313644 0.216502 -29.155491 -0.248578 0.926878 -0.281257 174.526688 -0.288886 0.206213 0.934891 -8.643829 0.000000 0.000000 0.000000 1.000000
0.950059 0.243929 0.194645 -26.466101 -0.186188 0.943608 -0.273749 176.039368 -0.250444 0.223837 0.941900 -9.599278 0.000000 0.000000 0.000000 1.000000
0.969948 0.172252 0.171843 -23.808798 -0.121857 0.955210 -0.269676 177.323914 -0.210599 0.240632 0.947494 -10.171625 0.000000 0.000000 0.000000 1.000000
0.983834 0.100689 0.148095 -21.223528 -0.057935 0.961450 -0.268807 178.295670 -0.169452 0.255882 0.951741 -10.264565 0.000000 0.000000 0.000000 1.000000
0.991883 0.031417 0.123212 -18.750237 0.003132 0.962664 -0.270681 178.869965 -0.127116 0.268869 0.954752 -9.938061 0.000000 0.000000 0.000000 1.000000
0.994746 -0.033372 0.096778 -16.428865 0.058916 0.959745 -0.274623 179.016281 -0.083717 0.278882 0.956669 -9.341716 0.000000 0.000000 0.000000 1.000000
0.993468 -0.092627 0.066642 -14.299364 0.107094 0.958471 -0.264319 178.805420 -0.039391 0.269730 0.962130 -8.513684 0.000000 0.000000 0.000000 1.000000
0.989339 -0.142399 0.030511 -12.401674 0.145518 0.958412 -0.245500 178.304810 0.005717 0.247322 0.968916 -7.492120 0.000000 0.000000 0.000000 1.000000
0.983711 -0.179624 -0.006882 -10.775744 0.172235 0.952820 -0.249937 177.581802 0.051452 0.244681 0.968238 -6.315175 0.000000 0.000000 0.000000 1.000000
0.977786 -0.205310 -0.042226 -9.461517 0.185472 0.941309 -0.282025 176.703827 0.097651 0.267928 0.958477 -5.021003 0.000000 0.000000 0.000000 1.000000
0.971428 -0.224346 -0.077438 -8.927460 0.188547 0.927668 -0.322306 175.738205 0.144145 0.298496 0.943463 -3.647756 0.000000 0.000000 0.000000 1.000000
0.963819 -0.241891 -0.111993 -9.427915 0.186183 0.911569 -0.366575 174.752396 0.190760 0.332461 0.923624 -2.233589 0.000000 0.000000 0.000000 1.000000
0.954822 -0.258450 -0.146691 -10.681639 0.178870 0.893996 -0.410823 173.813751 0.237319 0.366025 0.899836 -0.816654 0.000000 0.000000 0.000000 1.000000
0.944252 -0.274012 -0.182498 -12.407390 0.167139 0.876563 -0.451333 172.989639 0.283641 0.395669 0.873495 0.564894 0.000000 0.000000 0.000000 1.000000
0.931894 -0.288021 -0.220493 -14.323925 0.151563 0.861446 -0.484705 172.347473 0.329548 0.418275 0.846430 1.872905 0.000000 0.000000 0.000000 1.000000
0.917527 -0.291946 -0.270020 -16.150002 0.132748 0.864906 -0.484061 172.321350 0.374862 0.408295 0.832330 3.069223 0.000000 0.000000 0.000000 1.000000
0.900946 -0.295280 -0.317973 -17.604378 0.111330 0.865534 -0.488321 172.525192 0.419407 0.404550 0.812672 4.115696 0.000000 0.000000 0.000000 1.000000
0.881974 -0.293823 -0.368496 -18.405813 0.087966 0.870764 -0.483768 172.416138 0.463016 0.394256 0.793838 4.974171 0.000000 0.000000 0.000000 1.000000
0.860485 -0.282599 -0.423913 -18.340240 0.063323 0.884931 -0.461397 172.253967 0.505524 0.370182 0.779365 5.328017 0.000000 0.000000 0.000000 1.000000
0.836411 -0.264058 -0.480302 -17.598751 0.038069 0.902171 -0.429696 172.079773 0.546779 0.341118 0.764638 5.095387 0.000000 0.000000 0.000000 1.000000
0.809748 -0.239887 -0.535502 -16.507835 0.012855 0.919648 -0.392533 171.934586 0.586636 0.310969 0.747767 4.590299 0.000000 0.000000 0.000000 1.000000
0.780567 -0.212872 -0.587709 -15.393988 -0.011694 0.935087 -0.354226 171.940369 0.624963 0.283369 0.727408 4.126774 0.000000 0.000000 0.000000 1.000000
0.749004 -0.186797 -0.635688 -14.583695 -0.034996 0.946942 -0.319493 171.756485 0.661640 0.261548 0.702727 4.018832 0.000000 0.000000 0.000000 1.000000
0.715267 -0.166260 -0.678786 -14.403451 -0.056527 0.954342 -0.293319 171.695831 0.696561 0.248172 0.673211 4.283390 0.000000 0.000000 0.000000 1.000000
0.679620 -0.153636 -0.717295 -15.179745 -0.075831 0.957869 -0.277012 171.906738 0.729634 0.242657 0.639337 4.692892 0.000000 0.000000 0.000000 1.000000
0.642374 -0.147548 -0.752054 -16.598173 -0.092531 0.959182 -0.267222 172.183350 0.760785 0.241245 0.602501 5.194644 0.000000 0.000000 0.000000 1.000000
0.603878 -0.147070 -0.783391 -18.121054 -0.106335 0.959181 -0.262041 172.492111 0.789952 0.241542 0.563590 5.735956 0.000000 0.000000 0.000000 1.000000
0.564498 -0.150825 -0.811538 -19.739958 -0.117047 0.958604 -0.259574 172.799362 0.817093 0.241517 0.523477 6.264136 0.000000 0.000000 0.000000 1.000000
0.524608 -0.157078 -0.836728 -21.446465 -0.124561 0.958093 -0.257958 173.071533 0.842182 0.239551 0.483057 6.726491 0.000000 0.000000 0.000000 1.000000
0.484570 -0.163812 -0.859277 -23.232143 -0.128865 0.958223 -0.255346 173.275009 0.865208 0.234464 0.443217 7.070329 0.000000 0.000000 0.000000 1.000000
0.484551 -0.158082 -0.860361 -25.088572 -0.141679 0.956368 -0.255516 172.955750 0.863213 0.245705 0.441012 7.242957 0.000000 0.000000 0.000000 1.000000
0.454425 -0.157331 -0.876781 -27.007322 -0.143742 0.958428 -0.246482 172.959198 0.879111 0.238038 0.412919 7.124866 0.000000 0.000000 0.000000 1.000000
0.422436 -0.136342 -0.896080 -28.979967 -0.142440 0.966352 -0.214184 173.834991 0.895130 0.218117 0.388802 6.722416 0.000000 0.000000 0.000000 1.000000
0.394687 -0.139415 -0.908177 -30.998083 -0.121239 0.971877 -0.201883 174.831345 0.910781 0.189787 0.366685 6.171720 0.000000 0.000000 0.000000 1.000000
0.367115 -0.176747 -0.913229 -33.053246 -0.091739 0.970115 -0.224636 175.911697 0.925641 0.166246 0.339929 5.608888 0.000000 0.000000 0.000000 1.000000
0.331403 -0.187310 -0.924709 -35.137028 -0.088159 0.969660 -0.228010 177.039536 0.939361 0.157084 0.304836 5.170035 0.000000 0.000000 0.000000 1.000000
0.286465 -0.160878 -0.944487 -37.241001 -0.110624 0.973654 -0.199399 178.178284 0.951683 0.161604 0.261121 4.991274 0.000000 0.000000 0.000000 1.000000
0.235986 -0.129802 -0.963048 -39.356739 -0.134279 0.977176 -0.164610 179.291443 0.962434 0.168163 0.213170 5.124559 0.000000 0.000000 0.000000 1.000000
0.183731 -0.097002 -0.978179 -41.475822 -0.149546 0.980777 -0.125349 180.342438 0.971534 0.169313 0.165692 5.470379 0.000000 0.000000 0.000000 1.000000
0.135664 -0.064172 -0.988674 -43.589817 -0.152244 0.984698 -0.084805 181.294769 0.978988 0.162025 0.123819 5.937648 0.000000 0.000000 0.000000 1.000000
0.097470 -0.032756 -0.994699 -45.690304 -0.143252 0.988589 -0.046592 182.111877 0.984875 0.147034 0.091666 6.435279 0.000000 0.000000 0.000000 1.000000
0.072304 -0.004716 -0.997371 -47.768852 -0.126410 0.991881 -0.013854 181.701553 0.989339 0.127080 0.071121 6.872185 0.000000 0.000000 0.000000 1.000000
0.060151 0.019365 -0.998001 -49.817036 -0.105772 0.994306 0.012918 181.069672 0.992569 0.104784 0.061857 7.157279 0.000000 0.000000 0.000000 1.000000
0.064366 0.041224 -0.997074 -51.826435 -0.098865 0.994494 0.034735 181.488861 0.993017 0.096340 0.068087 7.199476 0.000000 0.000000 0.000000 1.000000
0.085715 0.061287 -0.994433 -53.788620 -0.108365 0.992758 0.051843 182.101135 0.990409 0.103318 0.091736 6.990680 0.000000 0.000000 0.000000 1.000000
0.113020 0.079059 -0.990442 -55.695164 -0.118213 0.990819 0.065599 182.821243 0.986535 0.109669 0.121328 6.613630 0.000000 0.000000 0.000000 1.000000
0.129305 0.093488 -0.987188 -57.537640 -0.118774 0.989839 0.078181 183.563873 0.984466 0.107144 0.139095 6.113488 0.000000 0.000000 0.000000 1.000000
0.110958 0.095677 -0.989209 -59.307625 -0.106010 0.990816 0.083942 184.243729 0.988155 0.095552 0.120082 5.535415 0.000000 0.000000 0.000000 1.000000
0.080603 0.082614 -0.993317 -59.238083 -0.078023 0.994024 0.076341 184.775574 0.993688 0.071348 0.086568 4.924573 0.000000 0.000000 0.000000 1.000000
0.067085 0.063932 -0.995697 -58.453018 -0.056151 0.996605 0.060207 185.074097 0.996166 0.051870 0.070447 4.326124 0.000000 0.000000 0.000000 1.000000
0.094282 0.045202 -0.994519 -59.532692 -0.066545 0.997021 0.039007 185.054016 0.993319 0.062502 0.097009 3.785229 0.000000 0.000000 0.000000 1.000000
0.161200 0.027547 -0.986537 -60.935562 -0.093243 0.995564 0.012563 184.701904 0.982507 0.089963 0.163054 3.347052 0.000000 0.000000 0.000000 1.000000
0.241029 0.010099 -0.970465 -60.807068 -0.110093 0.993776 -0.017001 184.098450 0.964253 0.110939 0.240641 3.349047 0.000000 0.000000 0.000000 1.000000
0.330424 -0.007801 -0.943800 -59.037220 -0.112787 0.992474 -0.047689 183.299622 0.937070 0.122206 0.327057 3.481821 0.000000 0.000000 0.000000 1.000000
0.424701 -0.027619 -0.904912 -56.820812 -0.098545 0.992185 -0.076532 182.361359 0.899954 0.121678 0.418660 3.038387 0.000000 0.000000 0.000000 1.000000
0.518432 -0.051242 -0.853582 -54.260456 -0.066625 0.992748 -0.100061 181.339615 0.852519 0.108745 0.511259 2.906217 0.000000 0.000000 0.000000 1.000000
0.606249 -0.080355 -0.791205 -51.458759 -0.018519 0.993186 -0.115059 180.290375 0.795059 0.084406 0.600630 3.669691 0.000000 0.000000 0.000000 1.000000
